[gd_scene load_steps=27 format=3 uid="uid://j1em8finh0ke"]

[ext_resource type="Texture2D" uid="uid://t44swfoj3fbp" path="res://Textures/DEV/Orange/texture_01.png" id="1_v2ig0"]
[ext_resource type="PackedScene" uid="uid://b2nfwk1744el2" path="res://Levels/Cuba/Models/sarcophagus.tscn" id="2_hvnxm"]
[ext_resource type="PackedScene" uid="uid://bwror0umjp86i" path="res://Props/Middle_Rock/Middle_Rock.tscn" id="3_uquii"]
[ext_resource type="PackedScene" uid="uid://xpcvbbtrf3cw" path="res://Props/Road_Circle/Road_Circle.tscn" id="4_ylwab"]
[ext_resource type="PackedScene" uid="uid://dl2vuwabcukwp" path="res://player.tscn" id="6_5cxfi"]
[ext_resource type="PackedScene" uid="uid://kb7il64chu13" path="res://Props/Cortez/Cortez.tscn" id="12_jrse6"]
[ext_resource type="PackedScene" uid="uid://fsnxrnurofnw" path="res://Props/Platform/Bridge.tscn" id="17_tcabb"]
[ext_resource type="PackedScene" uid="uid://nvca7nxs2ybx" path="res://Props/Palm/Palm.tscn" id="18_rhsa0"]
[ext_resource type="PackedScene" uid="uid://lqwiv1ev65is" path="res://Props/Maple/Maple.tscn" id="19_b13mj"]
[ext_resource type="PackedScene" uid="uid://bdenhdh2w64v7" path="res://Props/Donut_Terrain/Donut_Terrain.tscn" id="20_46jlj"]

[sub_resource type="StandardMaterial3D" id="StandardMaterial3D_cam4f"]
albedo_color = Color(0.25587, 0.290518, 0.105818, 1)

[sub_resource type="SphereMesh" id="SphereMesh_j4fik"]
material = SubResource("StandardMaterial3D_cam4f")
radius = 8.0
height = 0.1
is_hemisphere = true

[sub_resource type="StandardMaterial3D" id="StandardMaterial3D_kbn6i"]
albedo_texture = ExtResource("1_v2ig0")
uv1_triplanar = true

[sub_resource type="BoxMesh" id="BoxMesh_mkctu"]
material = SubResource("StandardMaterial3D_kbn6i")
size = Vector3(4, 0.2, 5)

[sub_resource type="ConcavePolygonShape3D" id="ConcavePolygonShape3D_lk80q"]
data = PackedVector3Array(-2, 0.1, 2.5, 2, 0.1, 2.5, -2, -0.1, 2.5, 2, 0.1, 2.5, 2, -0.1, 2.5, -2, -0.1, 2.5, 2, 0.1, -2.5, -2, 0.1, -2.5, 2, -0.1, -2.5, -2, 0.1, -2.5, -2, -0.1, -2.5, 2, -0.1, -2.5, 2, 0.1, 2.5, 2, 0.1, -2.5, 2, -0.1, 2.5, 2, 0.1, -2.5, 2, -0.1, -2.5, 2, -0.1, 2.5, -2, 0.1, -2.5, -2, 0.1, 2.5, -2, -0.1, -2.5, -2, 0.1, 2.5, -2, -0.1, 2.5, -2, -0.1, -2.5, 2, 0.1, 2.5, -2, 0.1, 2.5, 2, 0.1, -2.5, -2, 0.1, 2.5, -2, 0.1, -2.5, 2, 0.1, -2.5, -2, -0.1, 2.5, 2, -0.1, 2.5, -2, -0.1, -2.5, 2, -0.1, 2.5, 2, -0.1, -2.5, -2, -0.1, -2.5)

[sub_resource type="StandardMaterial3D" id="StandardMaterial3D_bvn8k"]
albedo_texture = ExtResource("1_v2ig0")
uv1_triplanar = true

[sub_resource type="BoxMesh" id="BoxMesh_wwfij"]
material = SubResource("StandardMaterial3D_bvn8k")
size = Vector3(3.5, 0.2, 4.5)

[sub_resource type="ConcavePolygonShape3D" id="ConcavePolygonShape3D_syauq"]
data = PackedVector3Array(-1.75, 0.1, 2.25, 1.75, 0.1, 2.25, -1.75, -0.1, 2.25, 1.75, 0.1, 2.25, 1.75, -0.1, 2.25, -1.75, -0.1, 2.25, 1.75, 0.1, -2.25, -1.75, 0.1, -2.25, 1.75, -0.1, -2.25, -1.75, 0.1, -2.25, -1.75, -0.1, -2.25, 1.75, -0.1, -2.25, 1.75, 0.1, 2.25, 1.75, 0.1, -2.25, 1.75, -0.1, 2.25, 1.75, 0.1, -2.25, 1.75, -0.1, -2.25, 1.75, -0.1, 2.25, -1.75, 0.1, -2.25, -1.75, 0.1, 2.25, -1.75, -0.1, -2.25, -1.75, 0.1, 2.25, -1.75, -0.1, 2.25, -1.75, -0.1, -2.25, 1.75, 0.1, 2.25, -1.75, 0.1, 2.25, 1.75, 0.1, -2.25, -1.75, 0.1, 2.25, -1.75, 0.1, -2.25, 1.75, 0.1, -2.25, -1.75, -0.1, 2.25, 1.75, -0.1, 2.25, -1.75, -0.1, -2.25, 1.75, -0.1, 2.25, 1.75, -0.1, -2.25, -1.75, -0.1, -2.25)

[sub_resource type="StandardMaterial3D" id="StandardMaterial3D_ta8l8"]
albedo_texture = ExtResource("1_v2ig0")
uv1_triplanar = true

[sub_resource type="BoxMesh" id="BoxMesh_hlndt"]
material = SubResource("StandardMaterial3D_ta8l8")
size = Vector3(3, 0.2, 4)

[sub_resource type="ConcavePolygonShape3D" id="ConcavePolygonShape3D_uipx1"]
data = PackedVector3Array(-1.5, 0.1, 2, 1.5, 0.1, 2, -1.5, -0.1, 2, 1.5, 0.1, 2, 1.5, -0.1, 2, -1.5, -0.1, 2, 1.5, 0.1, -2, -1.5, 0.1, -2, 1.5, -0.1, -2, -1.5, 0.1, -2, -1.5, -0.1, -2, 1.5, -0.1, -2, 1.5, 0.1, 2, 1.5, 0.1, -2, 1.5, -0.1, 2, 1.5, 0.1, -2, 1.5, -0.1, -2, 1.5, -0.1, 2, -1.5, 0.1, -2, -1.5, 0.1, 2, -1.5, -0.1, -2, -1.5, 0.1, 2, -1.5, -0.1, 2, -1.5, -0.1, -2, 1.5, 0.1, 2, -1.5, 0.1, 2, 1.5, 0.1, -2, -1.5, 0.1, 2, -1.5, 0.1, -2, 1.5, 0.1, -2, -1.5, -0.1, 2, 1.5, -0.1, 2, -1.5, -0.1, -2, 1.5, -0.1, 2, 1.5, -0.1, -2, -1.5, -0.1, -2)

[sub_resource type="FastNoiseLite" id="FastNoiseLite_4d58x"]

[sub_resource type="NoiseTexture2D" id="NoiseTexture2D_qblf0"]
seamless = true
noise = SubResource("FastNoiseLite_4d58x")

[sub_resource type="ProceduralSkyMaterial" id="ProceduralSkyMaterial_knwwl"]
sky_top_color = Color(0, 0, 0, 1)
sky_horizon_color = Color(0.365631, 0.162695, 0.477968, 1)
sky_cover = SubResource("NoiseTexture2D_qblf0")
sky_cover_modulate = Color(0.627451, 0.0156863, 0.521569, 0.0980392)
ground_bottom_color = Color(0.364706, 0.160784, 0.478431, 1)
ground_curve = 5.15432e-05
sun_curve = 1e-05

[sub_resource type="Sky" id="Sky_1fsb8"]
sky_material = SubResource("ProceduralSkyMaterial_knwwl")

[sub_resource type="Environment" id="Environment_nded0"]
background_mode = 2
sky = SubResource("Sky_1fsb8")

[node name="Cuba" type="Node3D"]

[node name="Player" parent="." instance=ExtResource("6_5cxfi")]
transform = Transform3D(1, 0, 0, 0, 1, 0, 0, 0, 1, -62.8415, 4, 0)

[node name="Donut_Terrain" parent="." instance=ExtResource("20_46jlj")]

[node name="Middle_Rock2" parent="Donut_Terrain" instance=ExtResource("3_uquii")]

[node name="MeshInstance3D" type="MeshInstance3D" parent="Donut_Terrain/Middle_Rock2"]
transform = Transform3D(1, 0, 0, 0, 1, 0, 0, 0, 1, 0, -0.4, 0)
mesh = SubResource("SphereMesh_j4fik")

[node name="GPUParticlesCollisionBox3D" type="GPUParticlesCollisionBox3D" parent="Donut_Terrain/Middle_Rock2"]
transform = Transform3D(1, 0, 0, 0, 1, 0, 0, 0, 1, 0, -0.65, 0)
size = Vector3(14, 0.5, 14)

[node name="GPUParticlesCollisionBox3D5" type="GPUParticlesCollisionBox3D" parent="Donut_Terrain/Middle_Rock2"]
transform = Transform3D(1, 0, 0, 0, 1, 0, 0, 0, 1, 0.138721, -0.65, 8.02251)
size = Vector3(8.29095, 0.5, 1.88033)

[node name="GPUParticlesCollisionBox3D6" type="GPUParticlesCollisionBox3D" parent="Donut_Terrain/Middle_Rock2"]
transform = Transform3D(1, 0, 0, 0, 1, 0, 0, 0, 1, 0.138721, -0.65, -7.90361)
size = Vector3(8.29095, 0.5, 1.88033)

[node name="GPUParticlesCollisionBox3D2" type="GPUParticlesCollisionBox3D" parent="Donut_Terrain/Middle_Rock2"]
transform = Transform3D(1, 0, 0, 0, 1, 0, 0, 0, 1, -7.96375, -0.65, -0.120209)
size = Vector3(1.88208, 0.5, 8.1347)

[node name="GPUParticlesCollisionBox3D3" type="GPUParticlesCollisionBox3D" parent="Donut_Terrain/Middle_Rock2"]
transform = Transform3D(1, 0, 0, 0, 1, 0, 0, 0, 1, 7.92855, -0.65, -0.120209)
size = Vector3(1.88208, 0.5, 8.1347)

[node name="Road_Circle" parent="Donut_Terrain" instance=ExtResource("4_ylwab")]

[node name="sarcophagus" parent="." instance=ExtResource("2_hvnxm")]
transform = Transform3D(1, 0, 0, 0, 1, 0, 0, 0, 1, 0, 0.2, 0)

[node name="MeshInstance3D" type="MeshInstance3D" parent="sarcophagus"]
transform = Transform3D(1, 0, 0, 0, 1, 0, 0, 0, 1, -0.0123024, -0.50237, 0.0591163)
mesh = SubResource("BoxMesh_mkctu")
skeleton = NodePath("../..")

[node name="StaticBody3D" type="StaticBody3D" parent="sarcophagus/MeshInstance3D"]

[node name="CollisionShape3D" type="CollisionShape3D" parent="sarcophagus/MeshInstance3D/StaticBody3D"]
shape = SubResource("ConcavePolygonShape3D_lk80q")

[node name="MeshInstance3D2" type="MeshInstance3D" parent="sarcophagus"]
transform = Transform3D(1, 0, 0, 0, 1, 0, 0, 0, 1, -0.0100021, -0.30074, 0.0544307)
mesh = SubResource("BoxMesh_wwfij")
skeleton = NodePath("../..")

[node name="StaticBody3D" type="StaticBody3D" parent="sarcophagus/MeshInstance3D2"]

[node name="CollisionShape3D" type="CollisionShape3D" parent="sarcophagus/MeshInstance3D2/StaticBody3D"]
shape = SubResource("ConcavePolygonShape3D_syauq")

[node name="MeshInstance3D3" type="MeshInstance3D" parent="sarcophagus"]
transform = Transform3D(1, 0, 0, 0, 1, 0, 0, 0, 1, -0.0100021, -0.0999999, 0.0544307)
mesh = SubResource("BoxMesh_hlndt")
skeleton = NodePath("../..")

[node name="StaticBody3D" type="StaticBody3D" parent="sarcophagus/MeshInstance3D3"]

[node name="CollisionShape3D" type="CollisionShape3D" parent="sarcophagus/MeshInstance3D3/StaticBody3D"]
shape = SubResource("ConcavePolygonShape3D_uipx1")

[node name="Bridge" parent="." instance=ExtResource("17_tcabb")]
transform = Transform3D(1, 0, 0, 0, 1, 0, 0, 0, 1, 0, -0.395, -9.09387)

[node name="Bridge2" parent="." instance=ExtResource("17_tcabb")]
transform = Transform3D(-1, 0, -8.74228e-08, 0, 1, 0, 8.74228e-08, 0, -1, 0, -0.395, 9.094)

[node name="Bridge3" parent="." instance=ExtResource("17_tcabb")]
transform = Transform3D(-4.37114e-08, 0, 1, 0, 1, 0, -1, 0, -4.37114e-08, -9.094, -0.395, 0)

[node name="Bridge4" parent="." instance=ExtResource("17_tcabb")]
transform = Transform3D(-4.37114e-08, 0, -1, 0, 1, 0, 1, 0, -4.37114e-08, 9.094, -0.395, 0)

[node name="Maple_Bark" parent="." instance=ExtResource("19_b13mj")]
transform = Transform3D(1, 0, 0, 0, 1, 0, 0, 0, 1, 0, 0, 4.8918)

[node name="WorldEnvironment" type="WorldEnvironment" parent="."]
environment = SubResource("Environment_nded0")

[node name="DirectionalLight3D" type="DirectionalLight3D" parent="."]
transform = Transform3D(0.939693, 0.296198, -0.17101, 0, 0.5, 0.866025, 0.34202, -0.813798, 0.469846, 0, 50, 0)
light_color = Color(0.708885, 0.49884, 0.972818, 1)
shadow_enabled = true
directional_shadow_blend_splits = true

[node name="Palm_Trees" type="Node3D" parent="."]

[node name="Palm" parent="Palm_Trees" instance=ExtResource("18_rhsa0")]
transform = Transform3D(1, 0, 0, 0, 1, 0, 0, 0, 1, -53.3712, 0, 6.06281)

[node name="Palm2" parent="Palm_Trees" instance=ExtResource("18_rhsa0")]
transform = Transform3D(0.755853, 0, -0.654741, 0, 1, 0, 0.654741, 0, 0.755853, -50.3987, 0, 15.747)

[node name="Palm3" parent="Palm_Trees" instance=ExtResource("18_rhsa0")]
transform = Transform3D(0.144356, 0, -0.989526, 0, 1, 0, 0.989526, 0, 0.144356, -46.7975, 0, 25.0064)

[node name="Palm4" parent="Palm_Trees" instance=ExtResource("18_rhsa0")]
transform = Transform3D(-0.4602, 0, 0.887815, 0, 1, 0, -0.887815, 0, -0.4602, -40.7316, 0, 32.6899)

[node name="Palm5" parent="Palm_Trees" instance=ExtResource("18_rhsa0")]
transform = Transform3D(1, 0, 0, 0, 1, 0, 0, 0, 1, -32.7448, 0, 39.7667)

[node name="Palm6" parent="Palm_Trees" instance=ExtResource("18_rhsa0")]
transform = Transform3D(0.144356, 0, -0.989526, 0, 1, 0, 0.989526, 0, 0.144356, -24.2526, 0, 45.7315)

[node name="Palm7" parent="Palm_Trees" instance=ExtResource("18_rhsa0")]
transform = Transform3D(-0.121869, 0, -0.992546, 0, 1, 0, 0.992546, 0, -0.121869, -15.1538, 0, 49.371)

[node name="Palm8" parent="Palm_Trees" instance=ExtResource("18_rhsa0")]
transform = Transform3D(0.92388, 0, 0.382683, 0, 1, 0, -0.382683, 0, 0.92388, -6.56045, 0, 51.9996)

[node name="Palm9" parent="Palm_Trees" instance=ExtResource("18_rhsa0")]
transform = Transform3D(-0.999743, 0, 0.0226873, 0, 1, 0, -0.0226873, 0, -0.999743, 8.30095, 0, 51.8985)

[node name="Palm10" parent="Palm_Trees" instance=ExtResource("18_rhsa0")]
transform = Transform3D(-0.0331551, 0, -0.99945, 0, 1, 0, 0.99945, 0, -0.0331551, 17.7031, 0, 49.1688)

[node name="Palm11" parent="Palm_Trees" instance=ExtResource("18_rhsa0")]
transform = Transform3D(1, 0, 0, 0, 1, 0, 0, 0, 1, 26.7008, 0, 44.8216)

[node name="Palm12" parent="Palm_Trees" instance=ExtResource("18_rhsa0")]
transform = Transform3D(0.737277, 0, -0.67559, 0, 1, 0, 0.67559, 0, 0.737277, 34.4853, 0, 39.3623)

[node name="Palm13" parent="Palm_Trees" instance=ExtResource("18_rhsa0")]
transform = Transform3D(0.656059, 0, 0.75471, 0, 1, 0, -0.75471, 0, 0.656059, 41.6633, 0, 31.9822)

[node name="Palm14" parent="Palm_Trees" instance=ExtResource("18_rhsa0")]
transform = Transform3D(1, 0, 0, 0, 1, 0, 0, 0, 1, 47.6281, 0, 22.3779)

[node name="Palm15" parent="Palm_Trees" instance=ExtResource("18_rhsa0")]
transform = Transform3D(0.480224, 0, -0.877146, 0, 1, 0, 0.877146, 0, 0.480224, 51.0654, 0, 14.29)

[node name="Palm16" parent="Palm_Trees" instance=ExtResource("18_rhsa0")]
transform = Transform3D(-0.0331551, 0, 0.99945, 0, 1, 0, -0.99945, 0, -0.0331551, 53.0874, 0, 6.30327)

[node name="Palm17" parent="Palm_Trees" instance=ExtResource("18_rhsa0")]
transform = Transform3D(-0.121869, 0, 0.992546, 0, 1, 0, -0.992546, 0, -0.121869, 52.7841, 0, -8.76033)

[node name="Palm18" parent="Palm_Trees" instance=ExtResource("18_rhsa0")]
transform = Transform3D(1, 0, 0, 0, 1, 0, 0, 0, 1, 49.6501, 0, -19.4767)

[node name="Palm19" parent="Palm_Trees" instance=ExtResource("18_rhsa0")]
transform = Transform3D(0.231748, 0, -0.972776, 0, 1, 0, 0.972776, 0, 0.231748, 44.4941, 0, -29.3843)

[node name="Palm20" parent="Palm_Trees" instance=ExtResource("18_rhsa0")]
transform = Transform3D(0.405142, 0, 0.914254, 0, 1, 0, -0.914254, 0, 0.405142, 37.6194, 0, -37.0678)

[node name="Palm21" parent="Palm_Trees" instance=ExtResource("18_rhsa0")]
transform = Transform3D(-0.121869, 0, 0.992546, 0, 1, 0, -0.992546, 0, -0.121869, 30.5425, 0, -43.3358)

[node name="Palm22" parent="Palm_Trees" instance=ExtResource("18_rhsa0")]
transform = Transform3D(-0.848972, 0, -0.528438, 0, 1, 0, 0.528438, 0, -0.848972, 22.1514, 0, -48.4918)

[node name="Palm23" parent="Palm_Trees" instance=ExtResource("18_rhsa0")]
transform = Transform3D(-0.993768, 0, -0.111469, 0, 1, 0, 0.111469, 0, -0.993768, 13.8614, 0, -51.3226)

[node name="Palm24" parent="Palm_Trees" instance=ExtResource("18_rhsa0")]
transform = Transform3D(-0.999743, 0, 0.0226873, 0, 1, 0, -0.0226873, 0, -0.999743, 6.38011, 0, -53.1423)

[node name="Palm25" parent="Palm_Trees" instance=ExtResource("18_rhsa0")]
transform = Transform3D(-0.741976, 0, -0.670427, 0, 1, 0, 0.670427, 0, -0.741976, -6.66154, 0, -53.0413)

[node name="Palm26" parent="Palm_Trees" instance=ExtResource("18_rhsa0")]
transform = Transform3D(-0.611527, 0, 0.791224, 0, 1, 0, -0.791224, 0, -0.611527, -16.3669, 0, -50.716)

[node name="Palm27" parent="Palm_Trees" instance=ExtResource("18_rhsa0")]
transform = Transform3D(-0.679441, 0, 0.73373, 0, 1, 0, -0.73373, 0, -0.679441, -25.2636, 0, -46.8743)

[node name="Palm28" parent="Palm_Trees" instance=ExtResource("18_rhsa0")]
transform = Transform3D(0.400349, 0, -0.916363, 0, 1, 0, 0.916363, 0, 0.400349, -32.4415, 0, -42.426)

[node name="Palm29" parent="Palm_Trees" instance=ExtResource("18_rhsa0")]
transform = Transform3D(-0.741976, 0, 0.670427, 0, 1, 0, -0.670427, 0, -0.741976, -38.9118, 0, -36.6634)

[node name="Palm30" parent="Palm_Trees" instance=ExtResource("18_rhsa0")]
transform = Transform3D(0.144356, 0, -0.989526, 0, 1, 0, 0.989526, 0, 0.144356, -44.0678, 0, -29.2832)

[node name="Palm31" parent="Palm_Trees" instance=ExtResource("18_rhsa0")]
transform = Transform3D(0.480224, 0, 0.877146, 0, 1, 0, -0.877146, 0, 0.480224, -47.9095, 0, -21.5998)

[node name="Palm32" parent="Palm_Trees" instance=ExtResource("18_rhsa0")]
transform = Transform3D(-0.679441, 0, -0.73373, 0, 1, 0, 0.73373, 0, -0.679441, -50.437, 0, -14.4218)

[node name="Palm33" parent="Palm_Trees" instance=ExtResource("18_rhsa0")]
transform = Transform3D(0.480224, 0, 0.877146, 0, 1, 0, -0.877146, 0, 0.480224, -51.8523, 0, -6.94056)

[node name="Cortez2" parent="." instance=ExtResource("12_jrse6")]
transform = Transform3D(0.984316, 0, 0.176415, 0, 1, 0, -0.176415, 0, 0.984316, -59.3398, -0.188009, -3.72053)
