[gd_scene load_steps=88 format=3 uid="uid://j1em8finh0ke"]

[ext_resource type="Texture2D" uid="uid://t44swfoj3fbp" path="res://Textures/DEV/Orange/texture_01.png" id="1_v2ig0"]
[ext_resource type="PackedScene" uid="uid://b2nfwk1744el2" path="res://Levels/Cuba/Models/sarcophagus.tscn" id="2_hvnxm"]
[ext_resource type="Texture2D" uid="uid://b8ovdorxv0o2p" path="res://Textures/DEV/Dark/texture_08.png" id="3_7dlmq"]
[ext_resource type="Texture2D" uid="uid://gdn7f3j47lcu" path="res://Textures/DEV/Dark/texture_04.png" id="4_q6m0u"]
[ext_resource type="Texture2D" uid="uid://ljxkfwsmknrr" path="res://Textures/DEV/Dark/texture_02.png" id="5_yfkvf"]
[ext_resource type="PackedScene" uid="uid://dl2vuwabcukwp" path="res://player.tscn" id="6_5cxfi"]
[ext_resource type="Texture2D" uid="uid://dgvet408c2xq8" path="res://Textures/DEV/Dark/texture_05.png" id="7_oyl6v"]
[ext_resource type="Texture2D" uid="uid://vawgrkwcyysj" path="res://Textures/DEV/Orange/texture_09.png" id="8_iblk7"]
[ext_resource type="Texture2D" uid="uid://6p5kn3saxj63" path="res://Textures/DEV/Red/texture_01.png" id="9_ncn5q"]
[ext_resource type="Texture2D" uid="uid://cmrvjunwjb1pn" path="res://Textures/DEV/Green/texture_01.png" id="10_y1wbi"]
[ext_resource type="Texture2D" uid="uid://dcbbc25togjs0" path="res://Textures/DEV/Purple/texture_01.png" id="11_wlrtk"]

[sub_resource type="ProceduralSkyMaterial" id="ProceduralSkyMaterial_xe6os"]
sky_horizon_color = Color(0.64625, 0.65575, 0.67075, 1)
ground_horizon_color = Color(0.64625, 0.65575, 0.67075, 1)

[sub_resource type="Sky" id="Sky_4osq3"]
sky_material = SubResource("ProceduralSkyMaterial_xe6os")

[sub_resource type="Environment" id="Environment_ugw8g"]
background_mode = 2
sky = SubResource("Sky_4osq3")
tonemap_mode = 2
glow_enabled = true

[sub_resource type="StandardMaterial3D" id="StandardMaterial3D_kbn6i"]
albedo_texture = ExtResource("1_v2ig0")
uv1_triplanar = true

[sub_resource type="BoxMesh" id="BoxMesh_mkctu"]
material = SubResource("StandardMaterial3D_kbn6i")
size = Vector3(4, 0.2, 5)

[sub_resource type="ConcavePolygonShape3D" id="ConcavePolygonShape3D_lk80q"]
data = PackedVector3Array(-2, 0.1, 2.5, 2, 0.1, 2.5, -2, -0.1, 2.5, 2, 0.1, 2.5, 2, -0.1, 2.5, -2, -0.1, 2.5, 2, 0.1, -2.5, -2, 0.1, -2.5, 2, -0.1, -2.5, -2, 0.1, -2.5, -2, -0.1, -2.5, 2, -0.1, -2.5, 2, 0.1, 2.5, 2, 0.1, -2.5, 2, -0.1, 2.5, 2, 0.1, -2.5, 2, -0.1, -2.5, 2, -0.1, 2.5, -2, 0.1, -2.5, -2, 0.1, 2.5, -2, -0.1, -2.5, -2, 0.1, 2.5, -2, -0.1, 2.5, -2, -0.1, -2.5, 2, 0.1, 2.5, -2, 0.1, 2.5, 2, 0.1, -2.5, -2, 0.1, 2.5, -2, 0.1, -2.5, 2, 0.1, -2.5, -2, -0.1, 2.5, 2, -0.1, 2.5, -2, -0.1, -2.5, 2, -0.1, 2.5, 2, -0.1, -2.5, -2, -0.1, -2.5)

[sub_resource type="StandardMaterial3D" id="StandardMaterial3D_bvn8k"]
albedo_texture = ExtResource("1_v2ig0")
uv1_triplanar = true

[sub_resource type="BoxMesh" id="BoxMesh_wwfij"]
material = SubResource("StandardMaterial3D_bvn8k")
size = Vector3(3.5, 0.2, 4.5)

[sub_resource type="ConcavePolygonShape3D" id="ConcavePolygonShape3D_syauq"]
data = PackedVector3Array(-1.75, 0.1, 2.25, 1.75, 0.1, 2.25, -1.75, -0.1, 2.25, 1.75, 0.1, 2.25, 1.75, -0.1, 2.25, -1.75, -0.1, 2.25, 1.75, 0.1, -2.25, -1.75, 0.1, -2.25, 1.75, -0.1, -2.25, -1.75, 0.1, -2.25, -1.75, -0.1, -2.25, 1.75, -0.1, -2.25, 1.75, 0.1, 2.25, 1.75, 0.1, -2.25, 1.75, -0.1, 2.25, 1.75, 0.1, -2.25, 1.75, -0.1, -2.25, 1.75, -0.1, 2.25, -1.75, 0.1, -2.25, -1.75, 0.1, 2.25, -1.75, -0.1, -2.25, -1.75, 0.1, 2.25, -1.75, -0.1, 2.25, -1.75, -0.1, -2.25, 1.75, 0.1, 2.25, -1.75, 0.1, 2.25, 1.75, 0.1, -2.25, -1.75, 0.1, 2.25, -1.75, 0.1, -2.25, 1.75, 0.1, -2.25, -1.75, -0.1, 2.25, 1.75, -0.1, 2.25, -1.75, -0.1, -2.25, 1.75, -0.1, 2.25, 1.75, -0.1, -2.25, -1.75, -0.1, -2.25)

[sub_resource type="StandardMaterial3D" id="StandardMaterial3D_ta8l8"]
albedo_texture = ExtResource("1_v2ig0")
uv1_triplanar = true

[sub_resource type="BoxMesh" id="BoxMesh_hlndt"]
material = SubResource("StandardMaterial3D_ta8l8")
size = Vector3(3, 0.2, 4)

[sub_resource type="ConcavePolygonShape3D" id="ConcavePolygonShape3D_uipx1"]
data = PackedVector3Array(-1.5, 0.1, 2, 1.5, 0.1, 2, -1.5, -0.1, 2, 1.5, 0.1, 2, 1.5, -0.1, 2, -1.5, -0.1, 2, 1.5, 0.1, -2, -1.5, 0.1, -2, 1.5, -0.1, -2, -1.5, 0.1, -2, -1.5, -0.1, -2, 1.5, -0.1, -2, 1.5, 0.1, 2, 1.5, 0.1, -2, 1.5, -0.1, 2, 1.5, 0.1, -2, 1.5, -0.1, -2, 1.5, -0.1, 2, -1.5, 0.1, -2, -1.5, 0.1, 2, -1.5, -0.1, -2, -1.5, 0.1, 2, -1.5, -0.1, 2, -1.5, -0.1, -2, 1.5, 0.1, 2, -1.5, 0.1, 2, 1.5, 0.1, -2, -1.5, 0.1, 2, -1.5, 0.1, -2, 1.5, 0.1, -2, -1.5, -0.1, 2, 1.5, -0.1, 2, -1.5, -0.1, -2, 1.5, -0.1, 2, 1.5, -0.1, -2, -1.5, -0.1, -2)

[sub_resource type="StandardMaterial3D" id="StandardMaterial3D_kkfwr"]
albedo_texture = ExtResource("3_7dlmq")
uv1_triplanar = true

[sub_resource type="CylinderMesh" id="CylinderMesh_uqppo"]
material = SubResource("StandardMaterial3D_kkfwr")
top_radius = 10.0
height = 17.73
radial_segments = 40

[sub_resource type="StandardMaterial3D" id="StandardMaterial3D_t7cdg"]
albedo_texture = ExtResource("4_q6m0u")
uv1_triplanar = true

[sub_resource type="BoxMesh" id="BoxMesh_m1fc7"]
material = SubResource("StandardMaterial3D_t7cdg")
size = Vector3(40, 0.2, 3)

[sub_resource type="StandardMaterial3D" id="StandardMaterial3D_qv01s"]
albedo_texture = ExtResource("4_q6m0u")
uv1_triplanar = true

[sub_resource type="StandardMaterial3D" id="StandardMaterial3D_mcv10"]
albedo_texture = ExtResource("5_yfkvf")

[sub_resource type="BoxMesh" id="BoxMesh_fdrea"]
size = Vector3(1.43, 0.2, 2.245)

[sub_resource type="StandardMaterial3D" id="StandardMaterial3D_xf5x0"]
albedo_texture = ExtResource("1_v2ig0")
uv1_triplanar = true

[sub_resource type="BoxMesh" id="BoxMesh_3i61k"]
size = Vector3(1.13, 0.2, 2)

[sub_resource type="BoxMesh" id="BoxMesh_m7gtt"]
size = Vector3(0.85, 0.2, 1.76)

[sub_resource type="BoxMesh" id="BoxMesh_t4tvm"]
size = Vector3(0.85, 0.2, 0.2)

[sub_resource type="BoxMesh" id="BoxMesh_qrnyf"]
size = Vector3(0.85, 0.2, 1)

[sub_resource type="BoxMesh" id="BoxMesh_rf2wk"]
size = Vector3(10, 1, 8)

[sub_resource type="StandardMaterial3D" id="StandardMaterial3D_xk2kc"]
albedo_texture = ExtResource("7_oyl6v")
uv1_triplanar = true

[sub_resource type="BoxMesh" id="BoxMesh_novcf"]
size = Vector3(10, 0.2, 8)

[sub_resource type="BoxMesh" id="BoxMesh_mpoet"]
size = Vector3(4, 1, 5.75)

[sub_resource type="BoxMesh" id="BoxMesh_2qmq2"]
size = Vector3(4, 0.2, 5.75)

[sub_resource type="BoxMesh" id="BoxMesh_b7tf6"]
size = Vector3(10, 3.5, 0.1)

[sub_resource type="StandardMaterial3D" id="StandardMaterial3D_x37bf"]
albedo_texture = ExtResource("8_iblk7")
uv1_triplanar = true

[sub_resource type="BoxMesh" id="BoxMesh_x2h31"]
size = Vector3(10, 3.5, 0.1)

[sub_resource type="BoxMesh" id="BoxMesh_jkgyu"]
size = Vector3(10, 3.5, 0.1)

[sub_resource type="BoxMesh" id="BoxMesh_hxmk4"]
size = Vector3(8.2, 3.5, 0.1)

[sub_resource type="BoxMesh" id="BoxMesh_33dhk"]
size = Vector3(2.3, 3.5, 0.1)

[sub_resource type="BoxMesh" id="BoxMesh_akv3i"]
size = Vector3(8.2, 3.5, 0.1)

[sub_resource type="BoxMesh" id="BoxMesh_i750d"]
size = Vector3(5.8, 3.5, 0.1)

[sub_resource type="BoxMesh" id="BoxMesh_k5oxx"]
size = Vector3(4.2, 3.5, 0.1)

[sub_resource type="BoxMesh" id="BoxMesh_gunfn"]
size = Vector3(5.8, 1, 0.1)

[sub_resource type="BoxMesh" id="BoxMesh_njolk"]
size = Vector3(4.1, 1, 0.1)

[sub_resource type="BoxMesh" id="BoxMesh_d1481"]
size = Vector3(4.1, 1, 0.1)

[sub_resource type="BoxMesh" id="BoxMesh_evexw"]
size = Vector3(14, 3.5, 0.1)

[sub_resource type="BoxMesh" id="BoxMesh_5b7d7"]
size = Vector3(10, 10, 8)

[sub_resource type="StandardMaterial3D" id="StandardMaterial3D_oa436"]
albedo_texture = ExtResource("9_ncn5q")
uv1_triplanar = true

[sub_resource type="BoxMesh" id="BoxMesh_v7h58"]
size = Vector3(10, 6, 8)

[sub_resource type="BoxMesh" id="BoxMesh_ecqw2"]
size = Vector3(14, 6, 6)

[sub_resource type="BoxMesh" id="BoxMesh_ow3v5"]
size = Vector3(3, 6, 5)

[sub_resource type="BoxMesh" id="BoxMesh_y10g7"]
size = Vector3(10, 6, 8)

[sub_resource type="BoxMesh" id="BoxMesh_1c325"]
size = Vector3(10, 6, 8)

[sub_resource type="BoxMesh" id="BoxMesh_onbci"]
size = Vector3(10, 6, 8)

[sub_resource type="BoxMesh" id="BoxMesh_n5yf0"]
size = Vector3(10, 12, 8)

[sub_resource type="BoxMesh" id="BoxMesh_g1bsn"]
size = Vector3(10, 9, 8)

[sub_resource type="BoxMesh" id="BoxMesh_5itqh"]
size = Vector3(10, 9, 8)

[sub_resource type="BoxMesh" id="BoxMesh_blf11"]
size = Vector3(10, 12, 8)

[sub_resource type="BoxMesh" id="BoxMesh_vmkpu"]
size = Vector3(10, 15, 8)

[sub_resource type="BoxMesh" id="BoxMesh_xjh1i"]
size = Vector3(10, 6, 8)

[sub_resource type="BoxMesh" id="BoxMesh_pufls"]
size = Vector3(10, 12, 6)

[sub_resource type="BoxMesh" id="BoxMesh_yhjcy"]
size = Vector3(10, 9, 6)

[sub_resource type="BoxMesh" id="BoxMesh_3t3ho"]
size = Vector3(10, 12, 6)

[sub_resource type="BoxMesh" id="BoxMesh_gbk8o"]
size = Vector3(10, 6, 6)

[sub_resource type="BoxMesh" id="BoxMesh_2vogy"]
size = Vector3(10, 12, 6)

[sub_resource type="BoxMesh" id="BoxMesh_7tcgc"]
size = Vector3(10, 12, 6)

[sub_resource type="BoxMesh" id="BoxMesh_iurnf"]
size = Vector3(4, 2.5, 4)

[sub_resource type="BoxMesh" id="BoxMesh_yowl1"]
size = Vector3(4, 2.5, 4)

[sub_resource type="BoxMesh" id="BoxMesh_v7vsy"]
size = Vector3(6, 5, 6)

[sub_resource type="BoxMesh" id="BoxMesh_jftpn"]
size = Vector3(2, 0.2, 4.5)

[sub_resource type="StandardMaterial3D" id="StandardMaterial3D_jpp37"]
albedo_texture = ExtResource("5_yfkvf")
uv1_triplanar = true

[sub_resource type="BoxMesh" id="BoxMesh_o0wce"]
size = Vector3(15, 12, 40)

[sub_resource type="StandardMaterial3D" id="StandardMaterial3D_cbtxu"]
albedo_texture = ExtResource("10_y1wbi")
uv1_triplanar = true

[sub_resource type="StandardMaterial3D" id="StandardMaterial3D_uje4w"]
albedo_texture = ExtResource("10_y1wbi")
uv1_triplanar = true

[sub_resource type="BoxMesh" id="BoxMesh_c3jys"]
size = Vector3(20, 1, 0.3)

[sub_resource type="StandardMaterial3D" id="StandardMaterial3D_wc8gh"]
albedo_texture = ExtResource("1_v2ig0")
uv1_triplanar = true

[sub_resource type="BoxMesh" id="BoxMesh_uy1rr"]
size = Vector3(20, 8, 10)

[sub_resource type="StandardMaterial3D" id="StandardMaterial3D_q26a6"]
albedo_texture = ExtResource("11_wlrtk")
uv1_triplanar = true

[sub_resource type="BoxMesh" id="BoxMesh_b35om"]
size = Vector3(15, 8, 10)

[sub_resource type="TextMesh" id="TextMesh_ve4v7"]
text = "Sinking Fish"
font_size = 57

[node name="Cuba" type="Node3D"]

[node name="DirectionalLight3D" type="DirectionalLight3D" parent="."]
transform = Transform3D(-0.866023, -0.433016, 0.250001, 0, 0.499998, 0.866027, -0.500003, 0.749999, -0.43301, 0, 0, 0)
shadow_enabled = true

[node name="WorldEnvironment" type="WorldEnvironment" parent="."]
environment = SubResource("Environment_ugw8g")

[node name="MeshInstance3D" type="MeshInstance3D" parent="."]
transform = Transform3D(1, 0, 0, 0, 1, 0, 0, 0, 1, 39.7133, 1.42666, 0)
mesh = SubResource("BoxMesh_mkctu")

[node name="StaticBody3D" type="StaticBody3D" parent="MeshInstance3D"]

[node name="CollisionShape3D" type="CollisionShape3D" parent="MeshInstance3D/StaticBody3D"]
shape = SubResource("ConcavePolygonShape3D_lk80q")

[node name="MeshInstance3D2" type="MeshInstance3D" parent="."]
transform = Transform3D(1, 0, 0, 0, 1, 0, 0, 0, 1, 39.7156, 1.62829, -0.00468558)
mesh = SubResource("BoxMesh_wwfij")

[node name="StaticBody3D" type="StaticBody3D" parent="MeshInstance3D2"]

[node name="CollisionShape3D" type="CollisionShape3D" parent="MeshInstance3D2/StaticBody3D"]
shape = SubResource("ConcavePolygonShape3D_syauq")

[node name="MeshInstance3D3" type="MeshInstance3D" parent="."]
transform = Transform3D(1, 0, 0, 0, 1, 0, 0, 0, 1, 39.7156, 1.82903, -0.00468558)
mesh = SubResource("BoxMesh_hlndt")

[node name="StaticBody3D" type="StaticBody3D" parent="MeshInstance3D3"]

[node name="CollisionShape3D" type="CollisionShape3D" parent="MeshInstance3D3/StaticBody3D"]
shape = SubResource("ConcavePolygonShape3D_uipx1")

[node name="sarcophagus" parent="." instance=ExtResource("2_hvnxm")]
transform = Transform3D(1, 0, 0, 0, 1, 0, 0, 0, 1, 39.7256, 1.92903, -0.0591163)

[node name="Base" type="CSGCombiner3D" parent="."]
use_collision = true

[node name="CSGMesh3D" type="CSGMesh3D" parent="Base"]
transform = Transform3D(1, 0, 0, 0, 1, 0, 0, 0, 1, 39.7777, -7.50113, -0.0591163)
mesh = SubResource("CylinderMesh_uqppo")

[node name="CSGMesh3D2" type="CSGMesh3D" parent="Base"]
transform = Transform3D(1, 0, 0, 0, 1, 0, 0, 0, 1, 10.6974, 1.24795, 0)
mesh = SubResource("BoxMesh_m1fc7")
material = SubResource("StandardMaterial3D_qv01s")

[node name="CSGMesh3D3" type="CSGMesh3D" parent="Base"]
transform = Transform3D(-4.37114e-08, 0, 1, 0, 1, 0, -1, 0, -4.37114e-08, 39.4175, 1.24795, -29.2465)
mesh = SubResource("BoxMesh_m1fc7")

[node name="CSGMesh3D4" type="CSGMesh3D" parent="Base"]
transform = Transform3D(-1, 0, -0.000628384, 0, 1, 0, 0.000628384, 0, -1, 69.5834, 1.24796, -0.0622396)
mesh = SubResource("BoxMesh_m1fc7")

[node name="CSGMesh3D5" type="CSGMesh3D" parent="Base"]
transform = Transform3D(0.000628428, 0, -1, 0, 1, 0, 1, 0, 0.000628428, 39.7796, 1.24795, 29.7493)
mesh = SubResource("BoxMesh_m1fc7")

[node name="CSGTorus3D" type="CSGTorus3D" parent="Base"]
transform = Transform3D(1, 0, 0, 0, 1, 0, 0, 0, 1, 39.78, -28.8731, 0.32561)
material_override = SubResource("StandardMaterial3D_mcv10")
inner_radius = 30.0
outer_radius = 100.0
sides = 14

[node name="Player" parent="." instance=ExtResource("6_5cxfi")]
transform = Transform3D(1, 0, 0, 0, 1, 0, 0, 0, 1, 39.8815, 2.47424, -5.82104)

[node name="House_wind" type="CSGCombiner3D" parent="."]
use_collision = true

[node name="CSGMesh3D6" type="CSGMesh3D" parent="House_wind"]
transform = Transform3D(0.901092, 0, 0.433628, 0, 1, 0, -0.433628, 0, 0.901092, 4.65909, 1.55047, -50.0906)
mesh = SubResource("BoxMesh_fdrea")
material = SubResource("StandardMaterial3D_xf5x0")

[node name="CSGMesh3D7" type="CSGMesh3D" parent="House_wind"]
transform = Transform3D(0.901092, 0, 0.433628, 0, 1, 0, -0.433628, 0, 0.901092, 4.74041, 1.74417, -50.2674)
mesh = SubResource("BoxMesh_3i61k")
material = SubResource("StandardMaterial3D_xf5x0")

[node name="CSGMesh3D8" type="CSGMesh3D" parent="House_wind"]
transform = Transform3D(0.901092, 0, 0.433628, 0, 1, 0, -0.433628, 0, 0.901092, 4.81732, 1.95809, -50.4461)
mesh = SubResource("BoxMesh_m7gtt")
material = SubResource("StandardMaterial3D_xf5x0")

[node name="CSGMesh3D22" type="CSGMesh3D" parent="House_wind"]
transform = Transform3D(0.901092, 0, 0.433628, 0, 1, 0, -0.433628, 0, 0.901092, 11.6322, 2.17644, -59.2878)
mesh = SubResource("BoxMesh_t4tvm")
material = SubResource("StandardMaterial3D_xf5x0")

[node name="CSGMesh3D23" type="CSGMesh3D" parent="House_wind"]
transform = Transform3D(0.901092, 0, 0.433628, 0, 1, 0, -0.433628, 0, 0.901092, 11.5443, 2.38391, -59.4705)
mesh = SubResource("BoxMesh_t4tvm")
material = SubResource("StandardMaterial3D_xf5x0")

[node name="CSGMesh3D24" type="CSGMesh3D" parent="House_wind"]
transform = Transform3D(0.901092, 0, 0.433628, 0, 1, 0, -0.433628, 0, 0.901092, 11.4552, 2.58484, -59.6556)
mesh = SubResource("BoxMesh_t4tvm")
material = SubResource("StandardMaterial3D_xf5x0")

[node name="CSGMesh3D25" type="CSGMesh3D" parent="House_wind"]
transform = Transform3D(0.901092, 0, 0.433628, 0, 1, 0, -0.433628, 0, 0.901092, 11.3673, 2.79231, -59.8383)
mesh = SubResource("BoxMesh_t4tvm")
material = SubResource("StandardMaterial3D_xf5x0")

[node name="CSGMesh3D27" type="CSGMesh3D" parent="House_wind"]
transform = Transform3D(-0.433628, 0, 0.901092, 0, 1, 0, -0.901092, 0, -0.433628, 10.5744, 3.16761, -60.1805)
mesh = SubResource("BoxMesh_t4tvm")
material = SubResource("StandardMaterial3D_xf5x0")

[node name="CSGMesh3D28" type="CSGMesh3D" parent="House_wind"]
transform = Transform3D(-0.433628, 0, 0.901092, 0, 1, 0, -0.901092, 0, -0.433628, 10.3892, 3.37508, -60.098)
mesh = SubResource("BoxMesh_t4tvm")
material = SubResource("StandardMaterial3D_xf5x0")

[node name="CSGMesh3D29" type="CSGMesh3D" parent="House_wind"]
transform = Transform3D(-0.433628, 0, 0.901092, 0, 1, 0, -0.901092, 0, -0.433628, 10.2016, 3.57601, -60.0144)
mesh = SubResource("BoxMesh_t4tvm")
material = SubResource("StandardMaterial3D_xf5x0")

[node name="CSGMesh3D30" type="CSGMesh3D" parent="House_wind"]
transform = Transform3D(-0.433628, 0, 0.901092, 0, 1, 0, -0.901092, 0, -0.433628, 10.0164, 3.78348, -59.9319)
mesh = SubResource("BoxMesh_t4tvm")
material = SubResource("StandardMaterial3D_xf5x0")

[node name="CSGMesh3D31" type="CSGMesh3D" parent="House_wind"]
transform = Transform3D(-0.433628, 0, 0.901092, 0, 1, 0, -0.901092, 0, -0.433628, 9.8446, 3.98808, -59.8293)
mesh = SubResource("BoxMesh_t4tvm")
material = SubResource("StandardMaterial3D_xf5x0")

[node name="CSGMesh3D32" type="CSGMesh3D" parent="House_wind"]
transform = Transform3D(-0.433628, 0, 0.901092, 0, 1, 0, -0.901092, 0, -0.433628, 9.65942, 4.19555, -59.7468)
mesh = SubResource("BoxMesh_t4tvm")
material = SubResource("StandardMaterial3D_xf5x0")

[node name="CSGMesh3D33" type="CSGMesh3D" parent="House_wind"]
transform = Transform3D(-0.433628, 0, 0.901092, 0, 1, 0, -0.901092, 0, -0.433628, 9.47174, 4.39648, -59.6632)
mesh = SubResource("BoxMesh_t4tvm")
material = SubResource("StandardMaterial3D_xf5x0")

[node name="CSGMesh3D34" type="CSGMesh3D" parent="House_wind"]
transform = Transform3D(-0.433628, 0, 0.901092, 0, 1, 0, -0.901092, 0, -0.433628, 9.28656, 4.5743, -59.5807)
mesh = SubResource("BoxMesh_t4tvm")
material = SubResource("StandardMaterial3D_xf5x0")

[node name="CSGMesh3D35" type="CSGMesh3D" parent="House_wind"]
transform = Transform3D(-0.433628, 0, 0.901092, 0, 1, 0, -0.901092, 0, -0.433628, 9.10901, 4.77796, -59.4953)
mesh = SubResource("BoxMesh_t4tvm")
material = SubResource("StandardMaterial3D_xf5x0")

[node name="CSGMesh3D26" type="CSGMesh3D" parent="House_wind"]
transform = Transform3D(0.901092, 0, 0.433628, 0, 1, 0, -0.433628, 0, 0.901092, 11.1052, 2.98977, -60.3829)
mesh = SubResource("BoxMesh_qrnyf")
material = SubResource("StandardMaterial3D_xf5x0")

[node name="CSGMesh3D" type="CSGMesh3D" parent="House_wind"]
transform = Transform3D(0.901092, 0, 0.433628, 0, 1, 0, -0.433628, 0, 0.901092, 8.51485, 1.57479, -55.2505)
mesh = SubResource("BoxMesh_rf2wk")
material = SubResource("StandardMaterial3D_xk2kc")

[node name="CSGMesh3D11" type="CSGMesh3D" parent="House_wind"]
transform = Transform3D(0.901092, 0, 0.433628, 0, 1, 0, -0.433628, 0, 0.901092, 8.51485, 5.05998, -55.2505)
mesh = SubResource("BoxMesh_novcf")
material = SubResource("StandardMaterial3D_xk2kc")

[node name="CSGMesh3D19" type="CSGMesh3D" parent="House_wind"]
transform = Transform3D(0.901092, 0, 0.433628, 0, 1, 0, -0.433628, 0, 0.901092, 8.51485, 8.36455, -55.2505)
mesh = SubResource("BoxMesh_novcf")
material = SubResource("StandardMaterial3D_xk2kc")

[node name="CSGMesh3D2" type="CSGMesh3D" parent="House_wind"]
transform = Transform3D(0.901092, 0, 0.433628, 0, 1, 0, -0.433628, 0, 0.901092, 1.71987, 1.57479, -53.2263)
mesh = SubResource("BoxMesh_mpoet")
material = SubResource("StandardMaterial3D_xk2kc")

[node name="CSGMesh3D12" type="CSGMesh3D" parent="House_wind"]
transform = Transform3D(0.901092, 0, 0.433628, 0, 1, 0, -0.433628, 0, 0.901092, 1.71987, 5.05703, -53.2263)
mesh = SubResource("BoxMesh_2qmq2")
material = SubResource("StandardMaterial3D_xk2kc")

[node name="CSGMesh3D3" type="CSGMesh3D" parent="House_wind"]
transform = Transform3D(0.901092, 0, 0.433628, 0, 1, 0, -0.433628, 0, 0.901092, 10.2878, 3.20095, -51.6133)
mesh = SubResource("BoxMesh_b7tf6")
material = SubResource("StandardMaterial3D_x37bf")

[node name="CSGMesh3D13" type="CSGMesh3D" parent="House_wind"]
transform = Transform3D(0.901092, 0, 0.433628, 0, 1, 0, -0.433628, 0, 0.901092, 10.2878, 6.69112, -51.6133)
mesh = SubResource("BoxMesh_x2h31")
material = SubResource("StandardMaterial3D_x37bf")

[node name="CSGMesh3D14" type="CSGMesh3D" parent="House_wind"]
transform = Transform3D(0.901092, 0, 0.433628, 0, 1, 0, -0.433628, 0, 0.901092, 6.7692, 6.69112, -58.925)
mesh = SubResource("BoxMesh_jkgyu")
material = SubResource("StandardMaterial3D_x37bf")

[node name="CSGMesh3D5" type="CSGMesh3D" parent="House_wind"]
transform = Transform3D(-0.433628, 0, 0.901092, 0, 1, 0, -0.901092, 0, -0.433628, 13.036, 3.20095, -57.4451)
mesh = SubResource("BoxMesh_hxmk4")
material = SubResource("StandardMaterial3D_x37bf")

[node name="CSGMesh3D21" type="CSGMesh3D" parent="House_wind"]
transform = Transform3D(-0.433628, 0, 0.901092, 0, 1, 0, -0.901092, 0, -0.433628, 5.31827, 3.20095, -50.549)
mesh = SubResource("BoxMesh_33dhk")
material = SubResource("StandardMaterial3D_x37bf")

[node name="CSGMesh3D15" type="CSGMesh3D" parent="House_wind"]
transform = Transform3D(-0.433628, 0, 0.901092, 0, 1, 0, -0.901092, 0, -0.433628, 13.036, 6.70357, -57.4451)
mesh = SubResource("BoxMesh_hxmk4")
material = SubResource("StandardMaterial3D_x37bf")

[node name="CSGMesh3D20" type="CSGMesh3D" parent="House_wind"]
transform = Transform3D(-0.433628, 0, 0.901092, 0, 1, 0, -0.901092, 0, -0.433628, 4.04173, 6.70357, -53.1168)
mesh = SubResource("BoxMesh_akv3i")
material = SubResource("StandardMaterial3D_x37bf")

[node name="CSGMesh3D9" type="CSGMesh3D" parent="House_wind"]
transform = Transform3D(-0.433628, 0, 0.901092, 0, 1, 0, -0.901092, 0, -0.433628, -0.171802, 3.20095, -52.3868)
mesh = SubResource("BoxMesh_i750d")
material = SubResource("StandardMaterial3D_x37bf")

[node name="CSGMesh3D10" type="CSGMesh3D" parent="House_wind"]
transform = Transform3D(0.901092, 0, 0.433628, 0, 1, 0, -0.433628, 0, 0.901092, 2.95543, 3.20065, -50.6392)
mesh = SubResource("BoxMesh_k5oxx")
material = SubResource("StandardMaterial3D_x37bf")

[node name="CSGMesh3D16" type="CSGMesh3D" parent="House_wind"]
transform = Transform3D(-0.433628, 0, 0.901092, 0, 1, 0, -0.901092, 0, -0.433628, -0.160527, 5.46169, -52.3874)
mesh = SubResource("BoxMesh_gunfn")
material = SubResource("StandardMaterial3D_x37bf")

[node name="CSGMesh3D17" type="CSGMesh3D" parent="House_wind"]
transform = Transform3D(0.901092, 0, 0.433628, 0, 1, 0, -0.433628, 0, 0.901092, 2.90053, 5.44746, -50.6128)
mesh = SubResource("BoxMesh_njolk")
material = SubResource("StandardMaterial3D_x37bf")

[node name="CSGMesh3D18" type="CSGMesh3D" parent="House_wind"]
transform = Transform3D(0.901092, 0, 0.433628, 0, 1, 0, -0.433628, 0, 0.901092, 0.377684, 5.44746, -55.8553)
mesh = SubResource("BoxMesh_d1481")
material = SubResource("StandardMaterial3D_x37bf")

[node name="CSGMesh3D4" type="CSGMesh3D" parent="House_wind"]
transform = Transform3D(0.901092, 0, 0.433628, 0, 1, 0, -0.433628, 0, 0.901092, 4.93835, 3.20253, -58.0283)
mesh = SubResource("BoxMesh_evexw")
material = SubResource("StandardMaterial3D_x37bf")

[node name="CSGBox3D_subtract" type="CSGBox3D" parent="House_wind"]
transform = Transform3D(0.901092, 0, 0.433628, 0, 1, 0, -0.433628, 0, 0.901092, 2.98956, 6.28761, -55.139)
operation = 2
size = Vector3(1, 2.25, 1.25)

[node name="CSGBox3D_subtract10" type="CSGBox3D" parent="House_wind"]
transform = Transform3D(-3.9388e-08, -0.901092, 0.433628, 1, -4.37114e-08, -1.93068e-16, 1.89545e-08, 0.433628, 0.901092, 10.3109, 4.97457, -59.8356)
operation = 2
size = Vector3(1, 2.7, 1.25)

[node name="CSGBox3D_subtract2" type="CSGBox3D" parent="House_wind"]
transform = Transform3D(0.901092, 0, 0.433628, 0, 1, 0, -0.433628, 0, 0.901092, 5.23821, 3.20205, -50.4662)
operation = 2
size = Vector3(1, 2.25, 1.25)

[node name="CSGBox3D_subtract3" type="CSGBox3D" parent="House_wind"]
transform = Transform3D(0.901092, 0, 0.433628, 0, 1, 0, -0.433628, 0, 0.901092, 9.47649, 3.69403, -51.065)
operation = 2
size = Vector3(1, 1.5, 1.25)

[node name="CSGBox3D_subtract4" type="CSGBox3D" parent="House_wind"]
transform = Transform3D(0.901092, 0, 0.433628, 0, 1, 0, -0.433628, 0, 0.901092, 12.4897, 3.69403, -52.515)
operation = 2
size = Vector3(1, 1.5, 1.25)

[node name="CSGBox3D_subtract5" type="CSGBox3D" parent="House_wind"]
transform = Transform3D(-0.433628, 0, 0.901092, 0, 1, 0, -0.901092, 0, -0.433628, 13.8465, 3.69403, -55.7487)
operation = 2
size = Vector3(1, 1.5, 1.25)

[node name="CSGBox3D_subtract7" type="CSGBox3D" parent="House_wind"]
transform = Transform3D(0.901092, 0, 0.433628, 0, 1, 0, -0.433628, 0, 0.901092, 9.47649, 6.84216, -51.065)
operation = 2
size = Vector3(1, 1.5, 1.25)

[node name="CSGBox3D_subtract8" type="CSGBox3D" parent="House_wind"]
transform = Transform3D(0.901092, 0, 0.433628, 0, 1, 0, -0.433628, 0, 0.901092, 12.4897, 6.84216, -52.515)
operation = 2
size = Vector3(1, 1.5, 1.25)

[node name="CSGBox3D_subtract9" type="CSGBox3D" parent="House_wind"]
transform = Transform3D(-0.433628, 0, 0.901092, 0, 1, 0, -0.901092, 0, -0.433628, 13.8465, 6.84216, -55.7487)
operation = 2
size = Vector3(1, 1.5, 1.25)

[node name="CSGBox3D_subtract6" type="CSGBox3D" parent="House_wind"]
transform = Transform3D(-0.433628, 0, 0.901092, 0, 1, 0, -0.901092, 0, -0.433628, -0.0283847, 3.69403, -52.273)
operation = 2
size = Vector3(1, 1.5, 1.25)

[node name="NonExplorable" type="CSGCombiner3D" parent="."]
use_collision = true

[node name="CSGMesh3D" type="CSGMesh3D" parent="NonExplorable"]
transform = Transform3D(0.891798, 0, 0.452435, 0, 1, 0, -0.452435, 0, 0.891798, -1.20879, 6.42177, -64.7427)
mesh = SubResource("BoxMesh_5b7d7")
material = SubResource("StandardMaterial3D_oa436")

[node name="CSGMesh3D2" type="CSGMesh3D" parent="NonExplorable"]
transform = Transform3D(0.891798, 0, 0.452435, 0, 1, 0, -0.452435, 0, 0.891798, 7.61937, 4.29611, -69.2076)
mesh = SubResource("BoxMesh_v7h58")
material = SubResource("StandardMaterial3D_oa436")

[node name="CSGMesh3D3" type="CSGMesh3D" parent="NonExplorable"]
transform = Transform3D(0.891798, 0, 0.452435, 0, 1, 0, -0.452435, 0, 0.891798, 16.4339, 4.29611, -73.7174)
mesh = SubResource("BoxMesh_v7h58")
material = SubResource("StandardMaterial3D_oa436")

[node name="CSGMesh3D8" type="CSGMesh3D" parent="NonExplorable"]
transform = Transform3D(0.995483, 0, 0.0949423, 0, 1, 0, -0.0949423, 0, 0.995483, 29.1441, 4.29611, -76.07)
mesh = SubResource("BoxMesh_ecqw2")
material = SubResource("StandardMaterial3D_oa436")

[node name="CSGMesh3D9" type="CSGMesh3D" parent="NonExplorable"]
transform = Transform3D(0.961175, 0, 0.275939, 0, 1, 0, -0.275939, 0, 0.961175, 26.4523, 4.29611, -66.1568)
mesh = SubResource("BoxMesh_ow3v5")
material = SubResource("StandardMaterial3D_oa436")

[node name="CSGMesh3D4" type="CSGMesh3D" parent="NonExplorable"]
transform = Transform3D(0.894545, 0, 0.446979, 0, 1, 0, -0.446979, 0, 0.894545, 21.5519, 4.29611, -62.3176)
mesh = SubResource("BoxMesh_v7h58")
material = SubResource("StandardMaterial3D_oa436")

[node name="CSGMesh3D7" type="CSGMesh3D" parent="NonExplorable"]
transform = Transform3D(0.998465, 0, 0.0553858, 0, 1, 0, -0.0553858, 0, 0.998465, 32.485, 4.29611, -65.2986)
mesh = SubResource("BoxMesh_y10g7")
material = SubResource("StandardMaterial3D_oa436")

[node name="CSGMesh3D11" type="CSGMesh3D" parent="NonExplorable"]
transform = Transform3D(0.998465, 0, 0.0553858, 0, 1, 0, -0.0553858, 0, 0.998465, 42.4778, 4.29611, -65.8552)
mesh = SubResource("BoxMesh_1c325")
material = SubResource("StandardMaterial3D_oa436")

[node name="CSGMesh3D12" type="CSGMesh3D" parent="NonExplorable"]
transform = Transform3D(0.954157, 0, -0.299307, 0, 1, 0, 0.299307, 0, 0.954157, 53.0888, 4.29611, -64.5346)
mesh = SubResource("BoxMesh_onbci")
material = SubResource("StandardMaterial3D_oa436")

[node name="CSGMesh3D13" type="CSGMesh3D" parent="NonExplorable"]
transform = Transform3D(0.61485, 0, 0.788644, 0, 1, 0, -0.788644, 0, 0.61485, -10.0036, 7.41718, -42.6513)
mesh = SubResource("BoxMesh_n5yf0")
material = SubResource("StandardMaterial3D_oa436")

[node name="CSGMesh3D15" type="CSGMesh3D" parent="NonExplorable"]
transform = Transform3D(0.485969, 0, 0.873976, 0, 1, 0, -0.873976, 0, 0.485969, -15.9658, 5.84292, -33.8935)
mesh = SubResource("BoxMesh_g1bsn")
material = SubResource("StandardMaterial3D_oa436")

[node name="CSGMesh3D16" type="CSGMesh3D" parent="NonExplorable"]
transform = Transform3D(0.305014, 0, 0.952348, 0, 1, 0, -0.952348, 0, 0.305014, -20.2139, 5.96164, -24.1202)
mesh = SubResource("BoxMesh_5itqh")
material = SubResource("StandardMaterial3D_oa436")

[node name="CSGMesh3D17" type="CSGMesh3D" parent="NonExplorable"]
transform = Transform3D(0.106038, 0, 0.994362, 0, 1, 0, -0.994362, 0, 0.106038, -22.4332, 7.37884, -13.6858)
mesh = SubResource("BoxMesh_blf11")
material = SubResource("StandardMaterial3D_oa436")

[node name="CSGMesh3D18" type="CSGMesh3D" parent="NonExplorable"]
transform = Transform3D(-0.00938972, 0, 0.999956, 0, 1, 0, -0.999956, 0, -0.00938972, -23.0133, 8.90511, -3.48845)
mesh = SubResource("BoxMesh_vmkpu")
material = SubResource("StandardMaterial3D_oa436")

[node name="CSGMesh3D24" type="CSGMesh3D" parent="NonExplorable"]
transform = Transform3D(-0.524447, 0, 0.851443, 0, 1, 0, -0.851443, 0, -0.524447, -11.0211, 4.29611, 37.1263)
mesh = SubResource("BoxMesh_xjh1i")
material = SubResource("StandardMaterial3D_oa436")

[node name="CSGMesh3D25" type="CSGMesh3D" parent="NonExplorable"]
transform = Transform3D(-0.652932, 0, 0.757417, 0, 1, 0, -0.757417, 0, -0.652932, -4.8179, 4.29611, 45.5822)
mesh = SubResource("BoxMesh_xjh1i")
material = SubResource("StandardMaterial3D_oa436")

[node name="CSGMesh3D26" type="CSGMesh3D" parent="NonExplorable"]
transform = Transform3D(-0.865405, 0, 0.501073, 0, 1, 0, -0.501073, 0, -0.865405, 7.8794, 4.40727, 55.3741)
mesh = SubResource("BoxMesh_xjh1i")
material = SubResource("StandardMaterial3D_oa436")

[node name="CSGMesh3D27" type="CSGMesh3D" parent="NonExplorable"]
transform = Transform3D(-0.865405, 0, 0.501073, 0, 1, 0, -0.501073, 0, -0.865405, 16.5602, 4.40727, 60.381)
mesh = SubResource("BoxMesh_xjh1i")
material = SubResource("StandardMaterial3D_oa436")

[node name="CSGMesh3D29" type="CSGMesh3D" parent="NonExplorable"]
transform = Transform3D(-0.981507, 0, 0.191426, 0, 1, 0, -0.191426, 0, -0.981507, 27.2624, 4.40727, 64.0509)
mesh = SubResource("BoxMesh_xjh1i")
material = SubResource("StandardMaterial3D_oa436")

[node name="CSGMesh3D30" type="CSGMesh3D" parent="NonExplorable"]
transform = Transform3D(-0.99858, 0, -0.0532769, 0, 1, 0, 0.0532769, 0, -0.99858, 38.0687, 4.40727, 64.8379)
mesh = SubResource("BoxMesh_xjh1i")
material = SubResource("StandardMaterial3D_oa436")

[node name="CSGMesh3D14" type="CSGMesh3D" parent="NonExplorable"]
transform = Transform3D(0.62231, 0, 0.782771, 0, 1, 0, -0.782771, 0, 0.62231, -18.9228, 7.22779, -50.3571)
mesh = SubResource("BoxMesh_pufls")
material = SubResource("StandardMaterial3D_oa436")

[node name="CSGMesh3D19" type="CSGMesh3D" parent="NonExplorable"]
transform = Transform3D(0.598604, 0, 0.801045, 0, 1, 0, -0.801045, 0, 0.598604, -24.9876, 5.79275, -42.4274)
mesh = SubResource("BoxMesh_yhjcy")
material = SubResource("StandardMaterial3D_oa436")

[node name="CSGMesh3D20" type="CSGMesh3D" parent="NonExplorable"]
transform = Transform3D(0.556122, 0, 0.831101, 0, 1, 0, -0.831101, 0, 0.556122, -30.6222, 7.21557, -34.369)
mesh = SubResource("BoxMesh_3t3ho")
material = SubResource("StandardMaterial3D_oa436")

[node name="CSGMesh3D21" type="CSGMesh3D" parent="NonExplorable"]
transform = Transform3D(0.0865473, 0, 0.996248, 0, 1, 0, -0.996248, 0, 0.0865473, -34.4434, 4.29611, -23.9751)
mesh = SubResource("BoxMesh_gbk8o")
material = SubResource("StandardMaterial3D_oa436")

[node name="CSGMesh3D22" type="CSGMesh3D" parent="NonExplorable"]
transform = Transform3D(0.0676323, 0, 0.99771, 0, 1, 0, -0.99771, 0, 0.0676323, -35.2863, 7.24083, -14.015)
mesh = SubResource("BoxMesh_2vogy")
material = SubResource("StandardMaterial3D_oa436")

[node name="CSGMesh3D23" type="CSGMesh3D" parent="NonExplorable"]
transform = Transform3D(0.0623377, 0, 0.998055, 0, 1, 0, -0.998055, 0, 0.0623377, -36.069, 7.35209, -4.07375)
mesh = SubResource("BoxMesh_7tcgc")
material = SubResource("StandardMaterial3D_oa436")

[node name="CSGMesh3D5" type="CSGMesh3D" parent="NonExplorable"]
transform = Transform3D(0.894545, 0, 0.446979, 0, 1, 0, -0.446979, 0, 0.894545, 25.1136, 8.54445, -61.8887)
mesh = SubResource("BoxMesh_iurnf")
material = SubResource("StandardMaterial3D_oa436")

[node name="CSGMesh3D28" type="CSGMesh3D" parent="NonExplorable"]
transform = Transform3D(0.495155, 0, 0.868804, 0, 1, 0, -0.868804, 0, 0.495155, 19.0815, 8.54445, 61.5699)
mesh = SubResource("BoxMesh_yowl1")
material = SubResource("StandardMaterial3D_oa436")

[node name="CSGMesh3D10" type="CSGMesh3D" parent="NonExplorable"]
transform = Transform3D(0.995562, 0, 0.0941083, 0, 1, 0, -0.0941083, 0, 0.995562, 33.1078, 9.8166, -76.4559)
mesh = SubResource("BoxMesh_v7vsy")
material = SubResource("StandardMaterial3D_oa436")

[node name="CSGMesh3D6" type="CSGMesh3D" parent="NonExplorable"]
transform = Transform3D(0.894545, 0, 0.446979, 0, 1, 0, -0.446979, 0, 0.894545, 19.8282, 7.23021, -68.411)
mesh = SubResource("BoxMesh_jftpn")
material = SubResource("StandardMaterial3D_jpp37")

[node name="Library" type="CSGCombiner3D" parent="."]
use_collision = true

[node name="CSGMesh3D" type="CSGMesh3D" parent="Library"]
transform = Transform3D(1, 0, 0, 0, 1, 0, 0, 0, 1, 110.453, 7.21847, 0)
mesh = SubResource("BoxMesh_o0wce")
material = SubResource("StandardMaterial3D_cbtxu")

[node name="CSGBox3D_subtract" type="CSGBox3D" parent="Library"]
transform = Transform3D(1, 0, 0, 0, 1, 0, 0, 0, 1, 106.433, 7.47704, -0.906326)
operation = 2
size = Vector3(7, 12, 10)
material = SubResource("StandardMaterial3D_uje4w")

[node name="Fence" type="CSGCombiner3D" parent="."]
use_collision = true

[node name="CSGMesh3D" type="CSGMesh3D" parent="Fence"]
transform = Transform3D(0.90602, 0, -0.423235, 0, 1, 0, 0.423235, 0, 0.90602, 104.883, 1.92397, 31.83)
mesh = SubResource("BoxMesh_c3jys")
material = SubResource("StandardMaterial3D_wc8gh")

[node name="CSGMesh3D2" type="CSGMesh3D" parent="Fence"]
transform = Transform3D(0.910366, 0, 0.413804, 0, 1, 0, -0.413804, 0, 0.910366, 104.883, 1.92397, -31.4332)
mesh = SubResource("BoxMesh_c3jys")
material = SubResource("StandardMaterial3D_wc8gh")

[node name="CSGMesh3D3" type="CSGMesh3D" parent="Fence"]
transform = Transform3D(0.0259502, 0, 0.999663, 0, 1, 0, -0.999663, 0, 0.0259502, 95.7909, 1.92397, -17.4456)
mesh = SubResource("BoxMesh_c3jys")
material = SubResource("StandardMaterial3D_wc8gh")

[node name="CSGMesh3D4" type="CSGMesh3D" parent="Fence"]
transform = Transform3D(-0.00720812, 0, 0.999974, 0, 1, 0, -0.999974, 0, -0.00720812, 95.7153, 1.92397, 17.694)
mesh = SubResource("BoxMesh_c3jys")
material = SubResource("StandardMaterial3D_wc8gh")

[node name="Garden" type="CSGCombiner3D" parent="."]

[node name="NightClub" type="CSGCombiner3D" parent="."]
use_collision = true

[node name="CSGMesh3D" type="CSGMesh3D" parent="NightClub"]
transform = Transform3D(0.987111, 0, 0.160036, 0, 1, 0, -0.160036, 0, 0.987111, -26.1843, 5.35994, 16.5186)
mesh = SubResource("BoxMesh_uy1rr")
material = SubResource("StandardMaterial3D_q26a6")

[node name="CSGMesh3D2" type="CSGMesh3D" parent="NightClub"]
transform = Transform3D(-0.308751, 0, 0.951143, 0, 1, 0, -0.951143, 0, -0.308751, -18.2763, 5.35994, 26.1374)
mesh = SubResource("BoxMesh_b35om")
material = SubResource("StandardMaterial3D_q26a6")

[node name="CSGMesh3D3" type="CSGMesh3D" parent="NightClub"]
transform = Transform3D(-0.155021, 0, 0.987911, 0, 1, 0, -0.987911, 0, -0.155021, -16.5613, 8.82059, 13.0785)
mesh = SubResource("TextMesh_ve4v7")
