[gd_scene load_steps=32 format=3 uid="uid://j1em8finh0ke"]

[ext_resource type="Texture2D" uid="uid://t44swfoj3fbp" path="res://Textures/DEV/Orange/texture_01.png" id="1_v2ig0"]
[ext_resource type="PackedScene" uid="uid://b2nfwk1744el2" path="res://Levels/Cuba/Models/sarcophagus.tscn" id="2_hvnxm"]
[ext_resource type="PackedScene" uid="uid://bwror0umjp86i" path="res://Props/Middle_Rock/Middle_Rock.tscn" id="3_uquii"]
[ext_resource type="PackedScene" uid="uid://xpcvbbtrf3cw" path="res://Props/Road_Circle/Road_Circle.tscn" id="4_ylwab"]
[ext_resource type="PackedScene" uid="uid://dl2vuwabcukwp" path="res://player.tscn" id="6_5cxfi"]
[ext_resource type="PackedScene" uid="uid://mht8ss75f18u" path="res://Levels/Cuba/Models/house_cuba_prefab.tscn" id="11_b778h"]
[ext_resource type="PackedScene" uid="uid://kb7il64chu13" path="res://Props/Cortez/Cortez.tscn" id="12_jrse6"]
[ext_resource type="PackedScene" uid="uid://njfw08gvqe3q" path="res://Props/Streetlamp/Streetlamp.tscn" id="13_oxlf2"]
[ext_resource type="PackedScene" uid="uid://v6gp2of3k5ta" path="res://Enemy/enemy_spawner.tscn" id="14_nde5q"]
[ext_resource type="PackedScene" uid="uid://btg3grrvoe7r" path="res://Props/Rubbish/Rubbish.tscn" id="14_u8712"]
[ext_resource type="PackedScene" uid="uid://fsnxrnurofnw" path="res://Props/Platform/Bridge.tscn" id="17_tcabb"]
[ext_resource type="PackedScene" uid="uid://nvca7nxs2ybx" path="res://Props/Palm/Palm.tscn" id="18_rhsa0"]
[ext_resource type="PackedScene" uid="uid://lqwiv1ev65is" path="res://Props/Maple/Maple.tscn" id="19_b13mj"]
[ext_resource type="PackedScene" uid="uid://bdenhdh2w64v7" path="res://Props/Donut_Terrain/Donut_Terrain.tscn" id="20_46jlj"]

[sub_resource type="StandardMaterial3D" id="StandardMaterial3D_cam4f"]
albedo_color = Color(0.25587, 0.290518, 0.105818, 1)

[sub_resource type="SphereMesh" id="SphereMesh_j4fik"]
material = SubResource("StandardMaterial3D_cam4f")
radius = 8.0
height = 0.1
is_hemisphere = true

[sub_resource type="StandardMaterial3D" id="StandardMaterial3D_kbn6i"]
albedo_texture = ExtResource("1_v2ig0")
uv1_triplanar = true

[sub_resource type="BoxMesh" id="BoxMesh_mkctu"]
material = SubResource("StandardMaterial3D_kbn6i")
size = Vector3(4, 0.2, 5)

[sub_resource type="ConcavePolygonShape3D" id="ConcavePolygonShape3D_lk80q"]
data = PackedVector3Array(-2, 0.1, 2.5, 2, 0.1, 2.5, -2, -0.1, 2.5, 2, 0.1, 2.5, 2, -0.1, 2.5, -2, -0.1, 2.5, 2, 0.1, -2.5, -2, 0.1, -2.5, 2, -0.1, -2.5, -2, 0.1, -2.5, -2, -0.1, -2.5, 2, -0.1, -2.5, 2, 0.1, 2.5, 2, 0.1, -2.5, 2, -0.1, 2.5, 2, 0.1, -2.5, 2, -0.1, -2.5, 2, -0.1, 2.5, -2, 0.1, -2.5, -2, 0.1, 2.5, -2, -0.1, -2.5, -2, 0.1, 2.5, -2, -0.1, 2.5, -2, -0.1, -2.5, 2, 0.1, 2.5, -2, 0.1, 2.5, 2, 0.1, -2.5, -2, 0.1, 2.5, -2, 0.1, -2.5, 2, 0.1, -2.5, -2, -0.1, 2.5, 2, -0.1, 2.5, -2, -0.1, -2.5, 2, -0.1, 2.5, 2, -0.1, -2.5, -2, -0.1, -2.5)

[sub_resource type="StandardMaterial3D" id="StandardMaterial3D_bvn8k"]
albedo_texture = ExtResource("1_v2ig0")
uv1_triplanar = true

[sub_resource type="BoxMesh" id="BoxMesh_wwfij"]
material = SubResource("StandardMaterial3D_bvn8k")
size = Vector3(3.5, 0.2, 4.5)

[sub_resource type="ConcavePolygonShape3D" id="ConcavePolygonShape3D_syauq"]
data = PackedVector3Array(-1.75, 0.1, 2.25, 1.75, 0.1, 2.25, -1.75, -0.1, 2.25, 1.75, 0.1, 2.25, 1.75, -0.1, 2.25, -1.75, -0.1, 2.25, 1.75, 0.1, -2.25, -1.75, 0.1, -2.25, 1.75, -0.1, -2.25, -1.75, 0.1, -2.25, -1.75, -0.1, -2.25, 1.75, -0.1, -2.25, 1.75, 0.1, 2.25, 1.75, 0.1, -2.25, 1.75, -0.1, 2.25, 1.75, 0.1, -2.25, 1.75, -0.1, -2.25, 1.75, -0.1, 2.25, -1.75, 0.1, -2.25, -1.75, 0.1, 2.25, -1.75, -0.1, -2.25, -1.75, 0.1, 2.25, -1.75, -0.1, 2.25, -1.75, -0.1, -2.25, 1.75, 0.1, 2.25, -1.75, 0.1, 2.25, 1.75, 0.1, -2.25, -1.75, 0.1, 2.25, -1.75, 0.1, -2.25, 1.75, 0.1, -2.25, -1.75, -0.1, 2.25, 1.75, -0.1, 2.25, -1.75, -0.1, -2.25, 1.75, -0.1, 2.25, 1.75, -0.1, -2.25, -1.75, -0.1, -2.25)

[sub_resource type="StandardMaterial3D" id="StandardMaterial3D_ta8l8"]
albedo_texture = ExtResource("1_v2ig0")
uv1_triplanar = true

[sub_resource type="BoxMesh" id="BoxMesh_hlndt"]
material = SubResource("StandardMaterial3D_ta8l8")
size = Vector3(3, 0.2, 4)

[sub_resource type="ConcavePolygonShape3D" id="ConcavePolygonShape3D_uipx1"]
data = PackedVector3Array(-1.5, 0.1, 2, 1.5, 0.1, 2, -1.5, -0.1, 2, 1.5, 0.1, 2, 1.5, -0.1, 2, -1.5, -0.1, 2, 1.5, 0.1, -2, -1.5, 0.1, -2, 1.5, -0.1, -2, -1.5, 0.1, -2, -1.5, -0.1, -2, 1.5, -0.1, -2, 1.5, 0.1, 2, 1.5, 0.1, -2, 1.5, -0.1, 2, 1.5, 0.1, -2, 1.5, -0.1, -2, 1.5, -0.1, 2, -1.5, 0.1, -2, -1.5, 0.1, 2, -1.5, -0.1, -2, -1.5, 0.1, 2, -1.5, -0.1, 2, -1.5, -0.1, -2, 1.5, 0.1, 2, -1.5, 0.1, 2, 1.5, 0.1, -2, -1.5, 0.1, 2, -1.5, 0.1, -2, 1.5, 0.1, -2, -1.5, -0.1, 2, 1.5, -0.1, 2, -1.5, -0.1, -2, 1.5, -0.1, 2, 1.5, -0.1, -2, -1.5, -0.1, -2)

[sub_resource type="FastNoiseLite" id="FastNoiseLite_4d58x"]

[sub_resource type="NoiseTexture2D" id="NoiseTexture2D_qblf0"]
seamless = true
noise = SubResource("FastNoiseLite_4d58x")

[sub_resource type="ProceduralSkyMaterial" id="ProceduralSkyMaterial_knwwl"]
sky_top_color = Color(0, 0, 0, 1)
sky_horizon_color = Color(0.365631, 0.162695, 0.477968, 1)
sky_cover = SubResource("NoiseTexture2D_qblf0")
sky_cover_modulate = Color(0.627451, 0.0156863, 0.521569, 0.0980392)
ground_bottom_color = Color(0.364706, 0.160784, 0.478431, 1)
ground_horizon_color = Color(0.364706, 0.160784, 0.478431, 1)
ground_curve = 5.15432e-05
sun_curve = 1e-05

[sub_resource type="Sky" id="Sky_1fsb8"]
sky_material = SubResource("ProceduralSkyMaterial_knwwl")

[sub_resource type="Environment" id="Environment_nded0"]
background_mode = 2
sky = SubResource("Sky_1fsb8")
glow_enabled = true
volumetric_fog_enabled = true
volumetric_fog_density = 0.01
volumetric_fog_length = 128.0

[sub_resource type="FogMaterial" id="FogMaterial_qd4r1"]
albedo = Color(0.314242, 0.00121983, 0.583491, 1)

[node name="Cuba" type="Node3D"]

[node name="Player" parent="." instance=ExtResource("6_5cxfi")]
transform = Transform3D(1, 0, 0, 0, 1, 0, 0, 0, 1, -62.8415, 4, 0)

[node name="Donut_Terrain" parent="." instance=ExtResource("20_46jlj")]

[node name="Middle_Rock2" parent="Donut_Terrain" instance=ExtResource("3_uquii")]

[node name="MeshInstance3D" type="MeshInstance3D" parent="Donut_Terrain/Middle_Rock2"]
transform = Transform3D(1, 0, 0, 0, 1, 0, 0, 0, 1, 0, -0.4, 0)
mesh = SubResource("SphereMesh_j4fik")

[node name="GPUParticlesCollisionBox3D" type="GPUParticlesCollisionBox3D" parent="Donut_Terrain/Middle_Rock2"]
transform = Transform3D(1, 0, 0, 0, 1, 0, 0, 0, 1, 0, -0.65, 0)
size = Vector3(14, 0.5, 14)

[node name="GPUParticlesCollisionBox3D5" type="GPUParticlesCollisionBox3D" parent="Donut_Terrain/Middle_Rock2"]
transform = Transform3D(1, 0, 0, 0, 1, 0, 0, 0, 1, 0.138721, -0.65, 8.02251)
size = Vector3(8.29095, 0.5, 1.88033)

[node name="GPUParticlesCollisionBox3D6" type="GPUParticlesCollisionBox3D" parent="Donut_Terrain/Middle_Rock2"]
transform = Transform3D(1, 0, 0, 0, 1, 0, 0, 0, 1, 0.138721, -0.65, -7.90361)
size = Vector3(8.29095, 0.5, 1.88033)

[node name="GPUParticlesCollisionBox3D2" type="GPUParticlesCollisionBox3D" parent="Donut_Terrain/Middle_Rock2"]
transform = Transform3D(1, 0, 0, 0, 1, 0, 0, 0, 1, -7.96375, -0.65, -0.120209)
size = Vector3(1.88208, 0.5, 8.1347)

[node name="GPUParticlesCollisionBox3D3" type="GPUParticlesCollisionBox3D" parent="Donut_Terrain/Middle_Rock2"]
transform = Transform3D(1, 0, 0, 0, 1, 0, 0, 0, 1, 7.92855, -0.65, -0.120209)
size = Vector3(1.88208, 0.5, 8.1347)

[node name="Road_Circle" parent="Donut_Terrain" instance=ExtResource("4_ylwab")]

[node name="sarcophagus" parent="." instance=ExtResource("2_hvnxm")]
transform = Transform3D(1, 0, 0, 0, 1, 0, 0, 0, 1, 0, 0.2, 0)

[node name="MeshInstance3D" type="MeshInstance3D" parent="sarcophagus"]
transform = Transform3D(1, 0, 0, 0, 1, 0, 0, 0, 1, -0.0123024, -0.50237, 0.0591163)
mesh = SubResource("BoxMesh_mkctu")
skeleton = NodePath("../..")

[node name="StaticBody3D" type="StaticBody3D" parent="sarcophagus/MeshInstance3D"]

[node name="CollisionShape3D" type="CollisionShape3D" parent="sarcophagus/MeshInstance3D/StaticBody3D"]
shape = SubResource("ConcavePolygonShape3D_lk80q")

[node name="MeshInstance3D2" type="MeshInstance3D" parent="sarcophagus"]
transform = Transform3D(1, 0, 0, 0, 1, 0, 0, 0, 1, -0.0100021, -0.30074, 0.0544307)
mesh = SubResource("BoxMesh_wwfij")
skeleton = NodePath("../..")

[node name="StaticBody3D" type="StaticBody3D" parent="sarcophagus/MeshInstance3D2"]

[node name="CollisionShape3D" type="CollisionShape3D" parent="sarcophagus/MeshInstance3D2/StaticBody3D"]
shape = SubResource("ConcavePolygonShape3D_syauq")

[node name="MeshInstance3D3" type="MeshInstance3D" parent="sarcophagus"]
transform = Transform3D(1, 0, 0, 0, 1, 0, 0, 0, 1, -0.0100021, -0.0999999, 0.0544307)
mesh = SubResource("BoxMesh_hlndt")
skeleton = NodePath("../..")

[node name="StaticBody3D" type="StaticBody3D" parent="sarcophagus/MeshInstance3D3"]

[node name="CollisionShape3D" type="CollisionShape3D" parent="sarcophagus/MeshInstance3D3/StaticBody3D"]
shape = SubResource("ConcavePolygonShape3D_uipx1")

[node name="Bridge" parent="." instance=ExtResource("17_tcabb")]
transform = Transform3D(1, 0, 0, 0, 1, 0, 0, 0, 1, 0, -0.395, -9.09387)

[node name="Bridge2" parent="." instance=ExtResource("17_tcabb")]
transform = Transform3D(-1, 0, -8.74228e-08, 0, 1, 0, 8.74228e-08, 0, -1, 0, -0.395, 9.094)

[node name="Bridge3" parent="." instance=ExtResource("17_tcabb")]
transform = Transform3D(-4.37114e-08, 0, 1, 0, 1, 0, -1, 0, -4.37114e-08, -9.094, -0.395, 0)

[node name="Bridge4" parent="." instance=ExtResource("17_tcabb")]
transform = Transform3D(-4.37114e-08, 0, -1, 0, 1, 0, 1, 0, -4.37114e-08, 9.094, -0.395, 0)

[node name="Maple_Bark" parent="." instance=ExtResource("19_b13mj")]

[node name="WorldEnvironment" type="WorldEnvironment" parent="."]
environment = SubResource("Environment_nded0")

[node name="DirectionalLight3D" type="DirectionalLight3D" parent="."]
transform = Transform3D(-0.309017, -0.823639, 0.475528, 0, 0.5, 0.866025, -0.951057, 0.267617, -0.154508, 0, 50, 0)
light_color = Color(0.708885, 0.49884, 0.972818, 1)
shadow_enabled = true
directional_shadow_blend_splits = true

[node name="Palm_Trees" type="Node3D" parent="."]

[node name="Palm" parent="Palm_Trees" instance=ExtResource("18_rhsa0")]
transform = Transform3D(1, 0, 0, 0, 1, 0, 0, 0, 1, -53.3712, 0, 6.06281)

[node name="Palm2" parent="Palm_Trees" instance=ExtResource("18_rhsa0")]
transform = Transform3D(0.755853, 0, -0.654741, 0, 1, 0, 0.654741, 0, 0.755853, -50.3987, 0, 15.747)

[node name="Palm3" parent="Palm_Trees" instance=ExtResource("18_rhsa0")]
transform = Transform3D(0.144356, 0, -0.989526, 0, 1, 0, 0.989526, 0, 0.144356, -46.7975, 0, 25.0064)

[node name="Palm4" parent="Palm_Trees" instance=ExtResource("18_rhsa0")]
transform = Transform3D(-0.4602, 0, 0.887815, 0, 1, 0, -0.887815, 0, -0.4602, -40.7316, 0, 32.6899)

[node name="Palm5" parent="Palm_Trees" instance=ExtResource("18_rhsa0")]
transform = Transform3D(1, 0, 0, 0, 1, 0, 0, 0, 1, -32.7448, 0, 39.7667)

[node name="Palm6" parent="Palm_Trees" instance=ExtResource("18_rhsa0")]
transform = Transform3D(0.144356, 0, -0.989526, 0, 1, 0, 0.989526, 0, 0.144356, -24.2526, 0, 45.7315)

[node name="Palm7" parent="Palm_Trees" instance=ExtResource("18_rhsa0")]
transform = Transform3D(-0.121869, 0, -0.992546, 0, 1, 0, 0.992546, 0, -0.121869, -15.1538, 0, 49.371)

[node name="Palm8" parent="Palm_Trees" instance=ExtResource("18_rhsa0")]
transform = Transform3D(0.92388, 0, 0.382683, 0, 1, 0, -0.382683, 0, 0.92388, -6.56045, 0, 51.9996)

[node name="Palm9" parent="Palm_Trees" instance=ExtResource("18_rhsa0")]
transform = Transform3D(-0.999743, 0, 0.0226873, 0, 1, 0, -0.0226873, 0, -0.999743, 8.30095, 0, 51.8985)

[node name="Palm10" parent="Palm_Trees" instance=ExtResource("18_rhsa0")]
transform = Transform3D(-0.0331551, 0, -0.99945, 0, 1, 0, 0.99945, 0, -0.0331551, 17.7031, 0, 49.1688)

[node name="Palm11" parent="Palm_Trees" instance=ExtResource("18_rhsa0")]
transform = Transform3D(1, 0, 0, 0, 1, 0, 0, 0, 1, 26.7008, 0, 44.8216)

[node name="Palm12" parent="Palm_Trees" instance=ExtResource("18_rhsa0")]
transform = Transform3D(0.737277, 0, -0.67559, 0, 1, 0, 0.67559, 0, 0.737277, 34.4853, 0, 39.3623)

[node name="Palm13" parent="Palm_Trees" instance=ExtResource("18_rhsa0")]
transform = Transform3D(0.656059, 0, 0.75471, 0, 1, 0, -0.75471, 0, 0.656059, 41.6633, 0, 31.9822)

[node name="Palm14" parent="Palm_Trees" instance=ExtResource("18_rhsa0")]
transform = Transform3D(1, 0, 0, 0, 1, 0, 0, 0, 1, 47.6281, 0, 22.3779)

[node name="Palm15" parent="Palm_Trees" instance=ExtResource("18_rhsa0")]
transform = Transform3D(0.480224, 0, -0.877146, 0, 1, 0, 0.877146, 0, 0.480224, 51.0654, 0, 14.29)

[node name="Palm16" parent="Palm_Trees" instance=ExtResource("18_rhsa0")]
transform = Transform3D(-0.0331551, 0, 0.99945, 0, 1, 0, -0.99945, 0, -0.0331551, 53.0874, 0, 6.30327)

[node name="Palm17" parent="Palm_Trees" instance=ExtResource("18_rhsa0")]
transform = Transform3D(-0.121869, 0, 0.992546, 0, 1, 0, -0.992546, 0, -0.121869, 52.7841, 0, -8.76033)

[node name="Palm18" parent="Palm_Trees" instance=ExtResource("18_rhsa0")]
transform = Transform3D(1, 0, 0, 0, 1, 0, 0, 0, 1, 49.6501, 0, -19.4767)

[node name="Palm19" parent="Palm_Trees" instance=ExtResource("18_rhsa0")]
transform = Transform3D(0.231748, 0, -0.972776, 0, 1, 0, 0.972776, 0, 0.231748, 44.4941, 0, -29.3843)

[node name="Palm20" parent="Palm_Trees" instance=ExtResource("18_rhsa0")]
transform = Transform3D(0.405142, 0, 0.914254, 0, 1, 0, -0.914254, 0, 0.405142, 37.6194, 0, -37.0678)

[node name="Palm21" parent="Palm_Trees" instance=ExtResource("18_rhsa0")]
transform = Transform3D(-0.121869, 0, 0.992546, 0, 1, 0, -0.992546, 0, -0.121869, 30.5425, 0, -43.3358)

[node name="Palm22" parent="Palm_Trees" instance=ExtResource("18_rhsa0")]
transform = Transform3D(-0.848972, 0, -0.528438, 0, 1, 0, 0.528438, 0, -0.848972, 22.1514, 0, -48.4918)

[node name="Palm23" parent="Palm_Trees" instance=ExtResource("18_rhsa0")]
transform = Transform3D(-0.993768, 0, -0.111469, 0, 1, 0, 0.111469, 0, -0.993768, 13.8614, 0, -51.3226)

[node name="Palm24" parent="Palm_Trees" instance=ExtResource("18_rhsa0")]
transform = Transform3D(-0.999743, 0, 0.0226873, 0, 1, 0, -0.0226873, 0, -0.999743, 6.38011, 0, -53.1423)

[node name="Palm25" parent="Palm_Trees" instance=ExtResource("18_rhsa0")]
transform = Transform3D(-0.741976, 0, -0.670427, 0, 1, 0, 0.670427, 0, -0.741976, -6.66154, 0, -53.0413)

[node name="Palm26" parent="Palm_Trees" instance=ExtResource("18_rhsa0")]
transform = Transform3D(-0.611527, 0, 0.791224, 0, 1, 0, -0.791224, 0, -0.611527, -16.3669, 0, -50.716)

[node name="Palm27" parent="Palm_Trees" instance=ExtResource("18_rhsa0")]
transform = Transform3D(-0.679441, 0, 0.73373, 0, 1, 0, -0.73373, 0, -0.679441, -25.2636, 0, -46.8743)

[node name="Palm28" parent="Palm_Trees" instance=ExtResource("18_rhsa0")]
transform = Transform3D(0.400349, 0, -0.916363, 0, 1, 0, 0.916363, 0, 0.400349, -32.4415, 0, -42.426)

[node name="Palm29" parent="Palm_Trees" instance=ExtResource("18_rhsa0")]
transform = Transform3D(-0.741976, 0, 0.670427, 0, 1, 0, -0.670427, 0, -0.741976, -38.9118, 0, -36.6634)

[node name="Palm30" parent="Palm_Trees" instance=ExtResource("18_rhsa0")]
transform = Transform3D(0.144356, 0, -0.989526, 0, 1, 0, 0.989526, 0, 0.144356, -44.0678, 0, -29.2832)

[node name="Palm31" parent="Palm_Trees" instance=ExtResource("18_rhsa0")]
transform = Transform3D(0.480224, 0, 0.877146, 0, 1, 0, -0.877146, 0, 0.480224, -47.9095, 0, -21.5998)

[node name="Palm32" parent="Palm_Trees" instance=ExtResource("18_rhsa0")]
transform = Transform3D(-0.679441, 0, -0.73373, 0, 1, 0, 0.73373, 0, -0.679441, -50.437, 0, -14.4218)

[node name="Palm33" parent="Palm_Trees" instance=ExtResource("18_rhsa0")]
transform = Transform3D(0.480224, 0, 0.877146, 0, 1, 0, -0.877146, 0, 0.480224, -51.8523, 0, -6.94056)

[node name="Non_explorable_Houses" type="Node3D" parent="."]

[node name="house_cuba_prefab" parent="Non_explorable_Houses" instance=ExtResource("11_b778h")]
transform = Transform3D(0.996041, 0, 0.0888943, 0, 1, 0, -0.0888943, 0, 0.996041, -66.6916, 0, 6.31761)
firstStoreyCount = 3
firstWallColor = Color(1, 0, 0, 1)
firstDoorColor = Color(0, 1, 0, 1)
secondWallColor = Color(0, 1, 0, 1)
secondDoorColor = Color(0, 0, 1, 1)
thirdStoreyCount = 2
thirdWallColor = Color(0, 0, 1, 1)
thirdDoorColor = Color(1, 0, 0, 1)

[node name="Cars" type="Node3D" parent="."]

[node name="Cortez2" parent="Cars" instance=ExtResource("12_jrse6")]
transform = Transform3D(0.984316, 0, 0.176415, 0, 1, 0, -0.176415, 0, 0.984316, -59.3398, -0.188009, -3.72053)

[node name="Cortez3" parent="Cars" instance=ExtResource("12_jrse6")]
transform = Transform3D(0.768976, 0, 0.639278, 0, 1, 0, -0.639278, 0, 0.768976, -47.8925, -0.151001, 40.6453)

[node name="Cortez4" parent="Cars" instance=ExtResource("12_jrse6")]
transform = Transform3D(0.811135, 0, -0.584859, 0.0522854, 0.995996, 0.0725142, 0.582517, -0.0893984, 0.807887, 6.96068, -0.0764824, 63.0228)

[node name="Cortez5" parent="Cars" instance=ExtResource("12_jrse6")]
transform = Transform3D(0.959319, 0, -0.282325, 0, 1, 0, 0.282325, 0, 0.959319, 52.1795, -0.151001, 34.7181)

[node name="Cortez6" parent="Cars" instance=ExtResource("12_jrse6")]
transform = Transform3D(-0.158537, 0, -0.987353, 0, 1, 0, 0.987353, 0, -0.158537, -43.1676, -0.150993, 42.9622)

[node name="Cortez7" parent="Cars" instance=ExtResource("12_jrse6")]
transform = Transform3D(-0.42246, 0, 0.906381, 0, 1, 0, -0.906381, 0, -0.42246, -17.9022, -0.151001, -57.2049)

[node name="Cortez8" parent="Cars" instance=ExtResource("12_jrse6")]
transform = Transform3D(0.992067, -0.125714, 0, 0.125714, 0.992067, 0, 0, 0, 1, 64.0086, -0.0785677, -0.12251)

[node name="Streetlamps" type="Node3D" parent="."]

[node name="Streetlamp4" parent="Streetlamps" instance=ExtResource("13_oxlf2")]
transform = Transform3D(1, 0, 0, 0, 1, 0, 0, 0, 1, -55.8838, 3.8147e-06, -10.8277)

[node name="Streetlamp2" parent="Streetlamps" instance=ExtResource("13_oxlf2")]
transform = Transform3D(1, 0, 0, 0, 1, 0, 0, 0, 1, -56.2216, 0.0489998, 10.161)

[node name="Streetlamp3" parent="Streetlamps" instance=ExtResource("13_oxlf2")]
transform = Transform3D(1, 0, 0, 0, 1, 0, 0, 0, 1, -46.5597, 0.0489998, 32.3904)

[node name="Streetlamp5" parent="Streetlamps" instance=ExtResource("13_oxlf2")]
transform = Transform3D(1, 0, 0, 0, 1, 0, 0, 0, 1, -32.1747, 0.0489998, 46.7389)

[node name="Streetlamp6" parent="Streetlamps" instance=ExtResource("13_oxlf2")]
transform = Transform3D(1, 0, 0, 0, 1, 0, 0, 0, 1, -9.32495, 0.0490036, 55.8367)

[node name="Streetlamp7" parent="Streetlamps" instance=ExtResource("13_oxlf2")]
transform = Transform3D(1, 0, 0, 0, 1, 0, 0, 0, 1, -5.07338, 0.048996, -56.6324)

[node name="Streetlamp8" parent="Streetlamps" instance=ExtResource("13_oxlf2")]
transform = Transform3D(1, 0, 0, 0, 1, 0, 0, 0, 1, -38.1551, 0.048996, -41.8258)

[node name="Streetlamp9" parent="Streetlamps" instance=ExtResource("13_oxlf2")]
transform = Transform3D(1, 0, 0, 0, 1, 0, 0, 0, 1, -21.1675, 0.0489922, -52.3409)

[node name="Streetlamp10" parent="Streetlamps" instance=ExtResource("13_oxlf2")]
transform = Transform3D(1, 0, 0, 0, 1, 0, 0, 0, 1, -50.1083, 0.0490036, -25.7638)

[node name="Streetlamp11" parent="Streetlamps" instance=ExtResource("13_oxlf2")]
transform = Transform3D(1, 0, 0, 0, 1, 0, 0, 0, 1, 55.8174, 0.0489998, 9.73723)

[node name="Streetlamp12" parent="Streetlamps" instance=ExtResource("13_oxlf2")]
transform = Transform3D(1, 0, 0, 0, 1, 0, 0, 0, 1, 55.9648, 0.048996, -9.74166)

[node name="Streetlamp13" parent="Streetlamps" instance=ExtResource("13_oxlf2")]
transform = Transform3D(1, 0, 0, 0, 1, 0, 0, 0, 1, 22.2307, 0.048996, 51.6487)

[node name="Streetlamp14" parent="Streetlamps" instance=ExtResource("13_oxlf2")]
transform = Transform3D(1, 0, 0, 0, 1, 0, 0, 0, 1, 44.5817, 0.0490036, 34.7714)

[node name="Streetlamp15" parent="Streetlamps" instance=ExtResource("13_oxlf2")]
transform = Transform3D(1, 0, 0, 0, 1, 0, 0, 0, 1, 46.0109, 0.0490074, -33.0578)

[node name="Streetlamp16" parent="Streetlamps" instance=ExtResource("13_oxlf2")]
transform = Transform3D(1, 0, 0, 0, 1, 0, 0, 0, 1, 19.217, 0.0489998, -53.2354)

[node name="Streetlamp17" parent="Streetlamps" instance=ExtResource("13_oxlf2")]
transform = Transform3D(1, 0, 0, 0, 1, 0, 0, 0, 1, -82.5019, 0, 15.7242)

[node name="Streetlamp18" parent="Streetlamps" instance=ExtResource("13_oxlf2")]
transform = Transform3D(1, 0, 0, 0, 1, 0, 0, 0, 1, -83.4898, 3.8147e-06, -15.9974)

[node name="Streetlamp19" parent="Streetlamps" instance=ExtResource("13_oxlf2")]
transform = Transform3D(1, 0, 0, 0, 1, 0, 0, 0, 1, -1.30075, 0, 84.0517)

[node name="Streetlamp20" parent="Streetlamps" instance=ExtResource("13_oxlf2")]
transform = Transform3D(1, 0, 0, 0, 1, 0, 0, 0, 1, -32.9084, 7.62939e-06, 78.1019)

[node name="Streetlamp21" parent="Streetlamps" instance=ExtResource("13_oxlf2")]
transform = Transform3D(1, 0, 0, 0, 1, 0, 0, 0, 1, -32.5216, -3.8147e-06, -79.3088)

[node name="Streetlamp22" parent="Streetlamps" instance=ExtResource("13_oxlf2")]
transform = Transform3D(1, 0, 0, 0, 1, 0, 0, 0, 1, -0.435568, 0, -85.5376)

[node name="Streetlamp23" parent="Streetlamps" instance=ExtResource("13_oxlf2")]
transform = Transform3D(1, 0, 0, 0, 1, 0, 0, 0, 1, -58.6397, -1.90735e-06, 60.1882)

[node name="Streetlamp24" parent="Streetlamps" instance=ExtResource("13_oxlf2")]
transform = Transform3D(1, 0, 0, 0, 1, 0, 0, 0, 1, -71.8207, -3.8147e-06, 44.7729)

[node name="Streetlamp25" parent="Streetlamps" instance=ExtResource("13_oxlf2")]
transform = Transform3D(1, 0, 0, 0, 1, 0, 0, 0, 1, -72.3313, -3.8147e-06, -43.7067)

[node name="Streetlamp26" parent="Streetlamps" instance=ExtResource("13_oxlf2")]
transform = Transform3D(1, 0, 0, 0, 1, 0, 0, 0, 1, -57.7834, 7.62939e-06, -62.0795)

[node name="Rubbish" type="Node3D" parent="."]

[node name="Rubbish2" parent="Rubbish" instance=ExtResource("14_u8712")]
transform = Transform3D(0.259358, 0, 0.965781, 0, 1, 0, -0.965781, 0, 0.259358, -41.1198, -0.150999, -48.3952)

[node name="Rubbish3" parent="Rubbish" instance=ExtResource("14_u8712")]
transform = Transform3D(0.7956, 0, 0.605822, 0, 1, 0, -0.605822, 0, 0.7956, -12.9829, -0.150997, -57.1492)

[node name="Rubbish4" parent="Rubbish" instance=ExtResource("14_u8712")]
transform = Transform3D(0.608969, 0, 0.793194, 0, 1, 0, -0.793194, 0, 0.608969, -28.8388, 0, -78.3)

[node name="Rubbish5" parent="Rubbish" instance=ExtResource("14_u8712")]
transform = Transform3D(0.175745, 0, 0.984436, 0, 1, 0, -0.984436, 0, 0.175745, -57.1684, 0, -36.1311)

[node name="Rubbish6" parent="Rubbish" instance=ExtResource("14_u8712")]
transform = Transform3D(1, 0, 0, 0, 1, 0, 0, 0, 1, 23.5483, 0, -62.4885)

[node name="Rubbish7" parent="Rubbish" instance=ExtResource("14_u8712")]
transform = Transform3D(0.256188, 0, 0.966627, 0, 1, 0, -0.966627, 0, 0.256188, -54.607, -2.38419e-07, 10.0327)

[node name="Rubbish8" parent="Rubbish" instance=ExtResource("14_u8712")]
transform = Transform3D(-0.109821, 0, -0.993951, 0, 1, 0, 0.993951, 0, -0.109821, -55.0006, 0.0467553, 11.6303)

[node name="Rubbish9" parent="Rubbish" instance=ExtResource("14_u8712")]
transform = Transform3D(0.254045, 0, -0.967192, 0, 1, 0, 0.967192, 0, 0.254045, -55.7478, 0.049, 8.4787)

[node name="Rubbish10" parent="Rubbish" instance=ExtResource("14_u8712")]
transform = Transform3D(1, 0, 0, 0, 1, 0, 0, 0, 1, -5.78198, -0.151, 63.2063)

[node name="FogVolume" type="FogVolume" parent="."]
transform = Transform3D(1, 0, 0, 0, 1, 0, 0, 0, 1, 2.56847, -18.5331, 1.54033)
size = Vector3(110.538, 2, 105.171)
shape = 0
material = SubResource("FogMaterial_qd4r1")

[node name="EnemySpawner" parent="." instance=ExtResource("14_nde5q")]
transform = Transform3D(1, 0, 0, 0, 1, 0, 0, 0, 1, -66.9772, 1.09619, 29.9172)
EnemyScene = "res://Enemy/Wraith/Wraith.tscn"
trigger_spell = 1
